56484.4	-21.75	0
56500.0	-20.25	0
56515.6	-18.75	0
56531.2	-17.25	0
56546.9	-15.75	0
56562.5	-14.25	0
56578.1	-12.75	0
56593.8	-11.25	0
56609.4	-9.75	0
56625.0	-8.25	0
56640.6	-6.75	0
56656.2	-5.25	0
56671.9	-3.75	0
56687.5	-2.25	0
56718.8	1.50	0
56734.4	3.75	0
56750.0	5.25	0
56765.6	6.75	0
56781.2	8.25	0
56796.9	9.75	0
56812.5	11.25	0
56828.1	12.75	0
56843.8	14.25	0
56859.4	15.75	0
56875.0	17.25	0
56890.6	18.75	0
56906.2	20.25	0
56921.9	21.75	0
56937.5	23.25	0
56953.1	24.75	0
56968.8	26.25	0
56984.4	27.75	0
57000.0	29.25	0
57015.6	30.75	0
57031.2	31.50	0
57046.9	33.00	0
57062.5	34.50	0
57078.1	35.25	0
57093.8	36.75	0
57109.4	38.25	0
57125.0	39.00	0
57140.6	40.50	0
57156.2	41.25	0
57171.9	42.75	0
57187.5	43.50	0
57203.1	44.25	0
57218.8	45.75	0
57234.4	46.50	0
57250.0	47.25	0
57265.6	48.00	0
57281.2	48.75	0
57296.9	49.50	0
57312.5	50.25	0
57328.1	51.00	0
57343.8	51.75	0
57359.4	52.50	0
57375.0	53.25	0
57390.6	53.25	0
57406.2	54.00	0
57421.9	54.75	0
57437.5	54.75	0
57453.1	55.50	0
57468.8	55.50	0
57484.4	55.50	0
57500.0	56.25	0
57515.6	56.25	0
57531.2	56.25	0
57546.9	56.25	0
57562.5	56.25	0
57578.1	56.25	0
57593.8	56.25	0
57609.4	55.50	0
57625.0	55.50	0
57640.6	55.50	0
57656.2	55.50	0
57671.9	54.75	0
57687.5	54.75	0
57703.1	54.00	0
57718.8	54.00	0
57734.4	53.25	0
57750.0	52.50	0
57765.6	52.50	0
57781.2	51.75	0
57796.9	51.00	0
57812.5	50.25	0
57828.1	49.50	0
57843.8	48.75	0
57859.4	48.00	0
57875.0	47.25	0
57890.6	46.50	0
57906.2	45.00	0
57921.9	44.25	0
57937.5	43.50	0
57953.1	42.00	0
57968.8	41.25	0
57984.4	39.75	0
58000.0	39.00	0
58015.6	37.50	0
58031.2	36.75	0
58046.9	35.25	0
58062.5	33.75	0
58078.1	32.25	0
58093.8	31.50	0
58109.4	30.00	0
58125.0	28.50	0
58140.6	27.00	0
58156.2	25.50	0
58171.9	24.00	0
58187.5	22.50	0
58203.1	21.75	0
58218.8	19.50	0
58234.4	18.00	0
58250.0	16.50	0
58265.6	15.00	0
58281.2	13.50	0
58296.9	12.00	0
58312.5	10.50	0
58328.1	9.00	0
58343.8	7.50	0
58359.4	5.25	0
58375.0	3.75	0
58390.6	2.25	0
58406.2	0.75	0
58421.9	-0.75	0
58437.5	-2.25	0
58453.1	-3.75	0
58468.8	-5.25	0
58484.4	-6.75	0
58500.0	-8.25	0
58515.6	-10.50	0
58531.2	-12.00	0
58546.9	-13.50	0
58562.5	-15.00	0
58578.1	-16.50	0
58593.8	-18.00	0
58609.4	-19.50	0
58625.0	-20.25	0
58640.6	-21.75	0
58656.2	-24.00	0
58671.9	-24.75	0
58687.5	-26.25	0
58703.1	-27.75	0
58718.8	-29.25	0
58734.4	-30.00	0
58750.0	-31.50	0
58765.6	-33.00	0
58781.2	-33.75	0
58796.9	-35.25	0
58812.5	-36.00	0
58828.1	-37.50	0
58843.8	-38.25	0
58859.4	-39.75	0
58875.0	-40.50	0
58890.6	-41.25	0
58906.2	-42.00	0
58921.9	-42.75	0
58937.5	-44.25	0
58953.1	-45.00	0
58968.8	-45.75	0
58984.4	-46.50	0
59000.0	-47.25	0
59015.6	-48.00	0
59031.2	-48.00	0
59046.9	-48.75	0
59062.5	-49.50	0
59078.1	-49.50	0
59093.8	-50.25	0
59109.4	-51.00	0
59125.0	-51.00	0
59140.6	-51.00	0
59156.2	-51.75	0
59171.9	-51.75	0
59187.5	-51.75	0
59203.1	-52.50	0
59218.8	-52.50	0
59234.4	-52.50	0
59250.0	-52.50	0
59265.6	-52.50	0
59281.2	-52.50	0
59296.9	-52.50	0
59312.5	-52.50	0
59328.1	-51.75	0
59343.8	-51.75	0
59359.4	-51.75	0
59375.0	-51.00	0
59390.6	-50.25	0
59406.2	-50.25	0
59421.9	-49.50	0
59437.5	-49.50	0
59453.1	-48.75	0
59468.8	-48.00	0
59484.4	-47.25	0
59500.0	-46.50	0
59515.6	-45.75	0
59531.2	-45.00	0
59546.9	-44.25	0
59562.5	-43.50	0
59578.1	-42.75	0
59593.8	-42.00	0
59609.4	-40.50	0
59625.0	-39.75	0
59640.6	-38.25	0
59656.2	-37.50	0
59671.9	-36.75	0
59687.5	-35.25	0
59703.1	-33.75	0
59718.8	-33.00	0
59734.4	-31.50	0
59750.0	-30.75	0
59765.6	-29.25	0
59781.2	-27.75	0
59796.9	-26.25	0
59812.5	-25.50	1
59828.1	-24.00	0
59843.8	-22.50	0
59859.4	-21.00	0
59875.0	-19.50	0
59890.6	-18.00	0
59906.2	-16.50	0
59921.9	-15.00	0
59937.5	-13.50	0
59953.1	-12.00	0
59968.8	-10.50	0
59984.4	-9.00	0
60000.0	-7.50	0
60015.6	-6.00	0
60031.2	-4.50	0
60046.9	-3.00	0
60062.5	-1.50	0
60078.1	0.75	0
60093.8	2.25	0
60109.4	3.75	0
60125.0	6.00	0
60140.6	7.50	0
60156.2	9.00	0
60171.9	10.50	0
60187.5	12.00	0
60203.1	13.50	0
60218.8	15.00	0
60234.4	16.50	0
60250.0	18.00	0
60265.6	19.50	0
60281.2	21.00	0
60296.9	22.50	0
60312.5	24.00	0
60328.1	25.50	0
60343.8	27.00	0
60359.4	28.50	0
60375.0	30.00	0
60390.6	30.75	0
60406.2	32.25	0
60421.9	33.75	0
60437.5	35.25	0
60453.1	36.00	0
60468.8	37.50	0
60484.4	38.25	0
60500.0	39.75	0
60515.6	41.25	0
60531.2	42.00	0
60546.9	42.75	0
60562.5	44.25	0
60578.1	45.00	0
60593.8	45.75	0
60609.4	47.25	0
60625.0	48.00	0
60640.6	48.75	0
60656.2	49.50	0
60671.9	50.25	0
60687.5	51.00	0
60703.1	51.75	0
60718.8	51.75	0
60734.4	52.50	0
60750.0	53.25	0
60765.6	54.00	0
60781.2	54.00	0
60796.9	54.75	0
60812.5	54.75	0
60828.1	55.50	0
60843.8	55.50	0
60859.4	55.50	0
60875.0	56.25	0
60890.6	56.25	0
60906.2	56.25	0
60921.9	56.25	0
60937.5	56.25	0
60953.1	56.25	0
60968.8	55.50	0
60984.4	55.50	0
61000.0	55.50	0
61015.6	55.50	0
61031.2	54.75	0
61046.9	54.75	0
61062.5	54.00	0
61078.1	54.00	0
61093.8	53.25	0
61109.4	53.25	0
61125.0	52.50	0
61140.6	51.75	0
61156.2	51.00	0
61171.9	51.00	0
61187.5	49.50	0
61203.1	48.75	0
61218.8	48.00	0
61234.4	47.25	0
61250.0	46.50	0
61265.6	45.75	0
61281.2	45.00	0
61296.9	43.50	0
61312.5	42.75	0
61328.1	42.00	0
61343.8	40.50	0
61359.4	39.00	0
61375.0	38.25	0
61390.6	36.75	0
61406.2	35.25	0
61421.9	34.50	0
61437.5	33.00	0
61453.1	32.25	0
61468.8	30.75	0
61484.4	29.25	0
61500.0	27.75	0
61515.6	26.25	0
61531.2	24.75	0
61546.9	23.25	0
61562.5	21.75	0
61578.1	20.25	0
61593.8	18.75	0
61609.4	17.25	0
61625.0	15.75	0
61640.6	14.25	0
61656.2	12.75	0
61671.9	11.25	0
61687.5	9.75	0
61703.1	8.25	0
61718.8	6.75	0
61734.4	4.50	0
61750.0	3.00	0
61765.6	1.50	0
61781.2	0.00	0
61796.9	-1.50	0
61812.5	-3.00	0
61828.1	-4.50	0
61843.8	-6.00	0
61859.4	-7.50	0
61875.0	-9.00	0
61890.6	-11.25	0
61906.2	-12.75	0
61921.9	-14.25	0
61937.5	-15.75	0
61953.1	-16.50	0
61968.8	-18.75	0
61984.4	-20.25	0
62000.0	-21.00	0
62015.6	-22.50	0
62031.2	-24.00	0
62046.9	-25.50	0
62062.5	-27.00	0
62078.1	-28.50	0
62093.8	-29.25	0
62109.4	-30.75	0
62125.0	-32.25	0
62140.6	-33.00	0
62156.2	-34.50	0
62171.9	-35.25	0
62187.5	-36.75	0
62203.1	-37.50	0
62218.8	-39.00	0
62234.4	-39.75	0
62250.0	-40.50	0
62265.6	-42.00	0
62281.2	-42.75	0
62296.9	-43.50	0
62312.5	-44.25	0
62328.1	-45.00	0
62343.8	-45.75	0
62359.4	-46.50	0
62375.0	-47.25	0
62390.6	-48.00	0
62406.2	-48.75	0
62421.9	-48.75	0
62437.5	-49.50	0
62453.1	-50.25	0
62468.8	-50.25	0
62484.4	-51.00	0
62500.0	-51.00	0
62515.6	-51.75	0
62531.2	-51.75	0
62546.9	-51.75	0
62562.5	-51.75	0
62578.1	-51.75	0
62593.8	-52.50	0
62609.4	-52.50	0
62625.0	-52.50	0
62640.6	-52.50	0
62656.2	-52.50	0
62671.9	-52.50	0
62687.5	-51.75	0
62703.1	-51.75	0
62718.8	-51.75	0
62734.4	-51.00	0
62750.0	-51.00	0
62765.6	-50.25	0
62781.2	-50.25	0
62796.9	-49.50	0
62812.5	-48.75	0
62828.1	-48.00	0
62843.8	-48.00	0
62859.4	-46.50	0
62875.0	-46.50	0
62890.6	-45.75	0
62906.2	-45.00	0
62921.9	-44.25	0
62937.5	-42.75	0
62953.1	-42.00	0
62968.8	-41.25	0
62984.4	-40.50	0
63000.0	-39.00	0
63015.6	-38.25	0
63031.2	-36.75	0
63046.9	-36.00	0
63062.5	-34.50	0
63078.1	-33.75	0
63093.8	-32.25	0
63109.4	-30.75	0
63125.0	-30.00	0
63140.6	-28.50	0
63156.2	-27.75	0
63171.9	-25.50	1
63187.5	-24.75	0
63203.1	-23.25	0
63218.8	-21.75	0
63234.4	-20.25	0
63250.0	-19.50	0
63265.6	-17.25	0
63281.2	-15.75	0
63296.9	-14.25	0
63312.5	-12.75	0
63328.1	-12.00	0
63343.8	-9.75	0
63359.4	-8.25	0
63375.0	-6.75	0
63390.6	-5.25	0
63406.2	-3.75	0
63421.9	-2.25	0
63453.1	1.50	0
63468.8	3.00	0
63484.4	5.25	0
63500.0	6.00	0
63515.6	8.25	0
63531.2	9.75	0
63546.9	11.25	0
63562.5	12.75	0
63578.1	14.25	0
63593.8	15.75	0
63609.4	17.25	0
63625.0	18.75	0
63640.6	20.25	0
63656.2	21.75	0
63671.9	23.25	0
63687.5	24.00	0
63703.1	25.50	0
63718.8	27.75	0
63734.4	28.50	0
63750.0	30.00	0
63765.6	31.50	0
63781.2	32.25	0
63796.9	33.75	0
63812.5	35.25	0
63828.1	36.75	0
63843.8	37.50	0
63859.4	39.00	0
63875.0	39.75	0
63890.6	41.25	0
63906.2	42.00	0
63921.9	42.75	0
63937.5	44.25	0
63953.1	45.00	0
63968.8	45.75	0
63984.4	46.50	0
64000.0	48.00	0
64015.6	48.75	0
64031.2	49.50	0
64046.9	50.25	0
64062.5	51.00	0
64078.1	51.00	0
64093.8	51.75	0
64109.4	52.50	0
64125.0	53.25	0
64140.6	54.00	0
64156.2	54.00	0
64171.9	54.75	0
64187.5	54.75	0
64203.1	54.75	0
64218.8	55.50	0
64234.4	55.50	0
64250.0	55.50	0
64265.6	56.25	0
64281.2	56.25	0
64296.9	56.25	0
64312.5	56.25	0
64328.1	56.25	0
64343.8	56.25	0
64359.4	56.25	0
64375.0	55.50	0
64390.6	55.50	0
64406.2	55.50	0
64421.9	54.75	0
64437.5	54.75	0
64453.1	54.00	0
64468.8	54.00	0
64484.4	53.25	0
64500.0	52.50	0
64515.6	51.75	0
64531.2	51.75	0
64546.9	51.00	0
64562.5	50.25	0
64578.1	49.50	0
64593.8	48.75	0
64609.4	48.00	0
64625.0	46.50	0
64640.6	45.75	0
64656.2	45.00	0
64671.9	43.50	0
64687.5	42.75	0
64703.1	42.00	0
64718.8	40.50	0
64734.4	39.75	0
64750.0	38.25	0
64765.6	37.50	0
64781.2	36.00	0
64796.9	34.50	0
64812.5	33.75	0
64828.1	32.25	0
64843.8	30.75	0
64859.4	29.25	0
64875.0	27.75	0
64890.6	26.25	0
64906.2	25.50	0
64921.9	24.00	0
64937.5	22.50	0
64953.1	21.00	0
64968.8	19.50	0
64984.4	18.00	0
65000.0	16.50	0
65015.6	15.00	0
65031.2	13.50	0
65046.9	12.00	0
65062.5	10.50	0
65078.1	9.00	0
65093.8	6.75	0
65109.4	5.25	0
65125.0	3.75	0
65140.6	2.25	0
65156.2	0.75	0
65171.9	-1.50	0
65187.5	-3.00	0
65203.1	-4.50	0
65218.8	-6.00	0
65234.4	-7.50	0
65250.0	-9.00	0
65265.6	-11.25	0
65281.2	-12.75	0
65296.9	-14.25	0
65312.5	-15.75	0
65328.1	-16.50	0
65343.8	-18.75	0
65359.4	-19.50	0
65375.0	-21.00	0
65390.6	-22.50	0
65406.2	-24.00	0
65421.9	-25.50	0
65437.5	-27.00	0
65453.1	-27.75	0
65468.8	-29.25	0
65484.4	-30.75	0
65500.0	-31.50	0
65515.6	-33.00	0
65531.2	-33.75	0
65546.9	-35.25	0
65562.5	-36.00	0
65578.1	-37.50	0
65593.8	-38.25	0
65609.4	-39.00	0
65625.0	-40.50	0
65640.6	-41.25	0
65656.2	-42.00	0
65671.9	-42.75	0
65687.5	-43.50	0
65703.1	-44.25	0
65718.8	-45.00	0
65734.4	-45.75	0
65750.0	-46.50	0
65765.6	-47.25	0
65781.2	-48.00	0
65796.9	-48.00	0
65812.5	-48.75	0
65828.1	-49.50	0
65843.8	-49.50	0
65859.4	-50.25	0
65875.0	-50.25	0
65890.6	-51.00	0
65906.2	-51.00	0
65921.9	-51.00	0
65937.5	-51.00	0
65953.1	-51.00	0
65968.8	-51.00	0
65984.4	-51.75	0
66000.0	-51.75	0
66015.6	-51.75	0
66031.2	-51.75	0
66046.9	-51.75	0
66062.5	-51.00	0
66078.1	-51.00	0
66093.8	-51.00	0
66109.4	-50.25	0
66125.0	-50.25	0
66140.6	-49.50	0
66156.2	-48.75	0
66171.9	-48.75	0
66187.5	-48.00	0
66203.1	-47.25	0
66218.8	-46.50	0
66234.4	-46.50	0
66250.0	-45.75	0
66265.6	-45.00	0
66281.2	-44.25	0
66296.9	-42.75	0
66312.5	-42.00	0
66328.1	-41.25	0
66343.8	-40.50	0
66359.4	-39.75	0
66375.0	-38.25	0
66390.6	-37.50	0
66406.2	-36.75	0
66421.9	-35.25	0
66437.5	-34.50	0
66453.1	-33.00	0
66468.8	-32.25	0
66484.4	-30.75	0
66500.0	-29.25	0
66515.6	-28.50	0
66531.2	-27.00	0
66546.9	-25.50	0
66562.5	-24.00	1
66578.1	-22.50	0
66593.8	-21.75	0
66609.4	-20.25	0
66625.0	-18.75	0
66640.6	-17.25	0
66656.2	-15.75	0
66671.9	-14.25	0
66687.5	-12.75	0
66703.1	-11.25	0
66718.8	-9.75	0
66734.4	-8.25	0
66750.0	-6.75	0
66765.6	-5.25	0
66781.2	-3.75	0
66796.9	-2.25	0
66812.5	-0.75	0
66828.1	1.50	0
66843.8	3.00	0
66859.4	4.50	0
66875.0	6.00	0
66890.6	7.50	0
66906.2	9.00	0
66921.9	10.50	0
66937.5	12.00	0
66953.1	13.50	0
66968.8	15.00	0
66984.4	16.50	0
67000.0	18.00	0
67015.6	19.50	0
67031.2	21.00	0
67046.9	22.50	0
67062.5	24.00	0
67078.1	25.50	0
67093.8	27.00	0
67109.4	27.75	0
67125.0	29.25	0
67140.6	30.75	0
67156.2	32.25	0
67171.9	33.00	0
67187.5	34.50	0
67203.1	36.00	0
67218.8	36.75	0
67234.4	38.25	0
67250.0	39.00	0
67265.6	40.50	0
67281.2	41.25	0
67296.9	42.00	0
67312.5	43.50	0
67328.1	44.25	0
67343.8	45.00	0
67359.4	45.75	0
67375.0	46.50	0
67390.6	48.00	0
67406.2	48.00	0
67421.9	49.50	0
67437.5	49.50	0
67453.1	50.25	0
67468.8	51.00	0
67484.4	51.75	0
67500.0	52.50	0
67515.6	52.50	0
67531.2	53.25	0
67546.9	53.25	0
67562.5	54.00	0
67578.1	54.00	0
67593.8	54.75	0
67609.4	54.75	0
67625.0	54.75	0
67640.6	54.75	0
67656.2	54.75	0
67671.9	54.75	0
67687.5	54.75	0
67703.1	54.75	0
67718.8	54.75	0
67734.4	54.75	0
67750.0	54.00	0
67765.6	54.00	0
67781.2	54.00	0
67796.9	53.25	0
67812.5	53.25	0
67828.1	52.50	0
67843.8	52.50	0
67859.4	51.75	0
67875.0	51.00	0
67890.6	51.00	0
67906.2	50.25	0
67921.9	49.50	0
67937.5	48.75	0
67953.1	48.00	0
67968.8	47.25	0
67984.4	46.50	0
68000.0	45.75	0
68015.6	44.25	0
68031.2	43.50	0
68046.9	42.75	0
68062.5	41.25	0
68078.1	40.50	0
68093.8	39.00	0
68109.4	38.25	0
68125.0	37.50	0
68140.6	36.00	0
68156.2	34.50	0
68171.9	33.75	0
68187.5	32.25	0
68203.1	30.75	0
68218.8	30.00	0
68234.4	28.50	0
68250.0	27.00	0
68265.6	25.50	0
68281.2	24.00	0
68296.9	22.50	0
68312.5	21.00	0
68328.1	20.25	0
68343.8	18.00	0
68359.4	16.50	0
68375.0	15.00	0
68390.6	14.25	0
68406.2	12.75	0
68421.9	10.50	0
68437.5	9.00	0
68453.1	7.50	0
68468.8	6.00	0
68484.4	4.50	0
68500.0	3.00	0
68515.6	1.50	0
68531.2	0.00	0
68546.9	-1.50	0
68562.5	-3.00	0
68578.1	-5.25	0
68593.8	-6.00	0
68609.4	-7.50	0
68625.0	-9.00	0
68640.6	-11.25	0
68656.2	-12.00	0
68671.9	-13.50	0
68687.5	-15.00	0
68703.1	-16.50	0
68718.8	-18.75	0
68734.4	-19.50	0
68750.0	-21.00	0
68765.6	-22.50	0
68781.2	-24.00	0
68796.9	-25.50	0
68812.5	-26.25	0
68828.1	-27.75	0
68843.8	-29.25	0
68859.4	-30.00	0
68875.0	-31.50	0
68890.6	-33.00	0
68906.2	-33.75	0
68921.9	-35.25	0
68937.5	-36.00	0
68953.1	-37.50	0
68968.8	-38.25	0
68984.4	-39.00	0
69000.0	-39.75	0
69015.6	-41.25	0
69031.2	-42.00	0
69046.9	-42.75	0
69062.5	-43.50	0
69078.1	-44.25	0
69093.8	-45.00	0
69109.4	-45.75	0
69125.0	-46.50	0
69140.6	-47.25	0
69156.2	-48.00	0
69171.9	-48.00	0
69187.5	-48.75	0
69203.1	-49.50	0
69218.8	-49.50	0
69234.4	-50.25	0
69250.0	-50.25	0
69265.6	-50.25	0
69281.2	-51.00	0
69296.9	-51.00	0
69312.5	-51.00	0
69328.1	-51.00	0
69343.8	-51.00	0
69359.4	-51.00	0
69375.0	-51.00	0
69390.6	-51.00	0
69406.2	-51.00	0
69421.9	-50.25	0
69437.5	-50.25	0
69453.1	-50.25	0
69468.8	-49.50	0
69484.4	-49.50	0
69500.0	-48.75	0
69515.6	-48.75	0
69531.2	-48.00	0
69546.9	-48.00	0
69562.5	-47.25	0
69578.1	-46.50	0
69593.8	-45.75	0
69609.4	-45.00	0
69625.0	-44.25	0
69640.6	-43.50	0
69656.2	-42.75	0
69671.9	-42.00	0
69687.5	-41.25	0
69703.1	-40.50	0
69718.8	-39.75	0
69734.4	-38.25	0
69750.0	-37.50	0
69765.6	-36.75	0
69781.2	-35.25	0
69796.9	-34.50	0
69812.5	-33.00	0
69828.1	-32.25	0
69843.8	-30.75	0
69859.4	-30.00	0
69875.0	-28.50	0
69890.6	-27.00	0
69906.2	-26.25	0
69921.9	-24.75	0
69937.5	-23.25	1
69953.1	-21.75	0
69968.8	-20.25	0
69984.4	-18.75	0
70000.0	-18.00	0
70015.6	-16.50	0
70031.2	-15.00	0
70046.9	-13.50	0
70062.5	-12.00	0
70078.1	-10.50	0
70093.8	-9.00	0
70109.4	-7.50	0
70125.0	-6.00	0
70140.6	-4.50	0
70156.2	-3.00	0
70171.9	-1.50	0
70187.5	0.00	0
70203.1	1.50	0
70218.8	3.75	0
70234.4	5.25	0
70250.0	6.75	0
70265.6	8.25	0
70281.2	9.00	0
70296.9	11.25	0
70312.5	12.00	0
70328.1	14.25	0
70343.8	15.75	0
70359.4	17.25	0
70375.0	18.75	0
70390.6	20.25	0
70406.2	21.75	0
70421.9	22.50	0
70437.5	24.00	0
70453.1	25.50	0
70468.8	27.00	0
70484.4	28.50	0
70500.0	30.00	0
70515.6	31.50	0
70531.2	32.25	0
70546.9	33.75	0
70562.5	34.50	0
70578.1	36.00	0
70593.8	37.50	0
70609.4	38.25	0
70625.0	39.75	0
70640.6	40.50	0
70656.2	41.25	0
70671.9	42.75	0
70687.5	43.50	0
70703.1	44.25	0
70718.8	45.75	0
70734.4	46.50	0
70750.0	47.25	0
70765.6	48.00	0
70781.2	48.75	0
70796.9	49.50	0
70812.5	50.25	0
70828.1	51.00	0
70843.8	51.00	0
70859.4	51.75	0
70875.0	52.50	0
70890.6	53.25	0
70906.2	53.25	0
70921.9	54.00	0
70937.5	54.00	0
70953.1	54.75	0
70968.8	54.75	0
70984.4	54.75	0
71000.0	54.75	0
71015.6	55.50	0
71031.2	55.50	0
71046.9	55.50	0
71062.5	55.50	0
71078.1	55.50	0
71093.8	55.50	0
71109.4	55.50	0
71125.0	55.50	0
71140.6	54.75	0
71156.2	54.75	0
71171.9	54.00	0
71187.5	54.00	0
71203.1	53.25	0
71218.8	53.25	0
71234.4	52.50	0
71250.0	51.75	0
71265.6	51.75	0
71281.2	51.00	0
71296.9	50.25	0
71312.5	49.50	0
71328.1	48.75	0
71343.8	48.00	0
71359.4	47.25	0
71375.0	46.50	0
71390.6	45.00	0
71406.2	44.25	0
71421.9	43.50	0
71437.5	42.00	0
71453.1	41.25	0
71468.8	39.75	0
71484.4	39.00	0
71500.0	37.50	0
71515.6	36.75	0
71531.2	35.25	0
71546.9	34.50	0
71562.5	33.00	0
71578.1	31.50	0
71593.8	30.75	0
71609.4	29.25	0
71625.0	27.75	0
71640.6	26.25	0
71656.2	24.75	0
71671.9	23.25	0
71687.5	21.75	0
71703.1	20.25	0
71718.8	18.75	0
71734.4	17.25	0
71750.0	15.75	0
71765.6	14.25	0
71781.2	12.75	0
71796.9	11.25	0
71812.5	9.75	0
71828.1	8.25	0
71843.8	6.75	0
71859.4	5.25	0
71875.0	3.75	0
71890.6	2.25	0
71921.9	-1.50	0
71937.5	-3.00	0
71953.1	-5.25	0
71968.8	-6.75	0
71984.4	-8.25	0
72000.0	-9.75	0
72015.6	-11.25	0
72031.2	-12.75	0
72046.9	-14.25	0
72062.5	-15.75	0
72078.1	-17.25	0
72093.8	-18.75	0
72109.4	-20.25	0
72125.0	-21.75	0
72140.6	-22.50	0
72156.2	-24.00	0
72171.9	-25.50	0
72187.5	-27.00	0
72203.1	-28.50	0
72218.8	-29.25	0
72234.4	-30.75	0
72250.0	-31.50	0
72265.6	-33.00	0
72281.2	-33.75	0
72296.9	-35.25	0
72312.5	-36.00	0
72328.1	-37.50	0
72343.8	-38.25	0
72359.4	-39.75	0
72375.0	-40.50	0
72390.6	-41.25	0
72406.2	-42.00	0
72421.9	-42.75	0
72437.5	-43.50	0
72453.1	-44.25	0
72468.8	-45.75	0
72484.4	-45.75	0
72500.0	-46.50	0
72515.6	-47.25	0
72531.2	-48.00	0
72546.9	-48.00	0
72562.5	-48.75	0
72578.1	-49.50	0
72593.8	-49.50	0
72609.4	-50.25	0
72625.0	-50.25	0
72640.6	-50.25	0
72656.2	-51.00	0
72671.9	-51.00	0
72687.5	-51.00	0
72703.1	-51.00	0
72718.8	-51.00	0
72734.4	-51.00	0
72750.0	-51.00	0
72765.6	-51.00	0
72781.2	-51.00	0
72796.9	-50.25	0
72812.5	-50.25	0
72828.1	-50.25	0
72843.8	-49.50	0
72859.4	-49.50	0
72875.0	-48.75	0
72890.6	-48.75	0
72906.2	-48.00	0
72921.9	-48.00	0
72937.5	-47.25	0
72953.1	-46.50	0
72968.8	-45.75	0
72984.4	-45.00	0
73000.0	-44.25	0
73015.6	-43.50	0
73031.2	-42.75	0
73046.9	-42.00	0
73062.5	-41.25	0
73078.1	-40.50	0
73093.8	-39.75	0
73109.4	-38.25	0
73125.0	-37.50	0
73140.6	-36.75	0
73156.2	-35.25	0
73171.9	-34.50	0
73187.5	-33.00	0
73203.1	-32.25	0
73218.8	-30.75	0
73234.4	-29.25	0
73250.0	-28.50	0
73265.6	-27.00	0
73281.2	-25.50	0
73296.9	-24.75	1
73312.5	-23.25	0
73328.1	-21.75	0
73343.8	-20.25	0
73359.4	-18.75	0
73375.0	-17.25	0
73390.6	-16.50	0
73406.2	-15.00	0
73421.9	-12.75	0
73437.5	-12.00	0
73453.1	-10.50	0
73468.8	-9.00	0
73484.4	-7.50	0
73500.0	-5.25	0
73515.6	-4.50	0
73531.2	-3.00	0
73546.9	-1.50	0
73562.5	0.00	0
73578.1	2.25	0
73593.8	3.75	0
73609.4	5.25	0
73625.0	6.75	0
73640.6	8.25	0
73656.2	9.75	0
73671.9	11.25	0
73687.5	12.75	0
73703.1	14.25	0
73718.8	15.75	0
73734.4	17.25	0
73750.0	18.75	0
73765.6	20.25	0
73781.2	21.75	0
73796.9	23.25	0
73812.5	24.75	0
73828.1	25.50	0
73843.8	27.00	0
73859.4	28.50	0
73875.0	30.00	0
73890.6	31.50	0
73906.2	32.25	0
73921.9	33.75	0
73937.5	35.25	0
73953.1	36.00	0
73968.8	37.50	0
73984.4	38.25	0
74000.0	39.75	0
74015.6	40.50	0
74031.2	42.00	0
74046.9	42.75	0
74062.5	43.50	0
74078.1	45.00	0
74093.8	45.75	0
74109.4	46.50	0
74125.0	47.25	0
74140.6	48.00	0
74156.2	48.75	0
74171.9	49.50	0
74187.5	50.25	0
74203.1	51.00	0
74218.8	51.75	0
74234.4	51.75	0
74250.0	52.50	0
74265.6	53.25	0
74281.2	53.25	0
74296.9	54.00	0
74312.5	54.00	0
74328.1	54.75	0
74343.8	54.75	0
74359.4	54.75	0
74375.0	55.50	0
74390.6	55.50	0
74406.2	55.50	0
74421.9	55.50	0
74437.5	55.50	0
74453.1	55.50	0
74468.8	55.50	0
74484.4	55.50	0
74500.0	55.50	0
74515.6	54.75	0
74531.2	54.75	0
74546.9	54.00	0
74562.5	54.00	0
74578.1	53.25	0
74593.8	53.25	0
74609.4	52.50	0
74625.0	51.75	0
74640.6	51.75	0
74656.2	51.00	0
74671.9	50.25	0
74687.5	49.50	0
74703.1	48.75	0
74718.8	48.00	0
74734.4	47.25	0
74750.0	45.75	0
74765.6	45.00	0
74781.2	44.25	0
74796.9	43.50	0
74812.5	42.00	0
74828.1	41.25	0
74843.8	39.75	0
74859.4	39.00	0
74875.0	37.50	0
74890.6	36.75	0
74906.2	35.25	0
74921.9	33.75	0
74937.5	33.00	0
74953.1	31.50	0
74968.8	30.00	0
74984.4	28.50	0
75000.0	27.75	0
75015.6	26.25	0
75031.2	24.75	0
75046.9	23.25	0
75062.5	21.75	0
75078.1	20.25	0
75093.8	18.75	0
75109.4	17.25	0
75125.0	15.75	0
75140.6	14.25	0
75156.2	12.75	0
75171.9	11.25	0
75187.5	9.75	0
75203.1	8.25	0
75218.8	6.00	0
75234.4	4.50	0
75250.0	3.00	0
75265.6	1.50	0
75281.2	-0.75	0
75296.9	-2.25	0
75312.5	-3.75	0
75328.1	-5.25	0
75343.8	-6.75	0
75359.4	-8.25	0
75375.0	-9.75	0
75390.6	-11.25	0
75406.2	-12.75	0
75421.9	-14.25	0
75437.5	-15.75	0
75453.1	-17.25	0
75468.8	-18.75	0
75484.4	-20.25	0
75500.0	-21.75	0
75515.6	-23.25	0
75531.2	-24.75	0
75546.9	-25.50	0
75562.5	-27.00	0
75578.1	-28.50	0
75593.8	-29.25	0
75609.4	-30.75	0
75625.0	-32.25	0
75640.6	-33.00	0
75656.2	-34.50	0
75671.9	-35.25	0
75687.5	-36.75	0
75703.1	-37.50	0
75718.8	-39.00	0
75734.4	-39.75	0
75750.0	-40.50	0
75765.6	-41.25	0
75781.2	-42.00	0
75796.9	-42.75	0
75812.5	-44.25	0
75828.1	-45.00	0
75843.8	-45.75	0
75859.4	-45.75	0
75875.0	-46.50	0
75890.6	-47.25	0
75906.2	-48.00	0
75921.9	-48.75	0
75937.5	-48.75	0
75953.1	-49.50	0
75968.8	-49.50	0
75984.4	-50.25	0
76000.0	-50.25	0
76015.6	-51.00	0
76031.2	-51.00	0
76046.9	-51.00	0
76062.5	-51.00	0
76078.1	-51.00	0
76093.8	-51.00	0
76109.4	-51.00	0
76125.0	-51.00	0
76140.6	-51.00	0
76156.2	-51.00	0
76171.9	-50.25	0
76187.5	-50.25	0
76203.1	-50.25	0
76218.8	-49.50	0
76234.4	-49.50	0
76250.0	-48.75	0
76265.6	-48.75	0
76281.2	-48.00	0
76296.9	-47.25	0
76312.5	-47.25	0
76328.1	-46.50	0
76343.8	-45.75	0
76359.4	-45.00	0
76375.0	-44.25	0
76390.6	-43.50	0
76406.2	-42.75	0
76421.9	-42.00	0
76437.5	-41.25	0
76453.1	-40.50	0
76468.8	-39.00	0
76484.4	-38.25	0
76500.0	-37.50	0
76515.6	-36.00	0
76531.2	-35.25	0
76546.9	-34.50	0
76562.5	-33.00	0
76578.1	-32.25	0
76593.8	-30.75	0
76609.4	-29.25	0
76625.0	-28.50	0
76640.6	-27.00	0
76656.2	-25.50	1
76671.9	-24.75	0
76687.5	-22.50	0
76703.1	-21.75	0
76718.8	-20.25	0
76734.4	-18.75	0
76750.0	-17.25	0
76765.6	-15.75	0
76781.2	-14.25	0
76796.9	-12.75	0
76812.5	-11.25	0
76828.1	-9.75	0
76843.8	-8.25	0
76859.4	-6.75	0
76875.0	-5.25	0
76890.6	-3.75	0
76906.2	-2.25	0
76921.9	-0.75	0
76937.5	0.75	0
76953.1	2.25	0
76968.8	3.75	0
76984.4	5.25	0
77000.0	6.75	0
77015.6	8.25	0
77031.2	9.75	0
77046.9	12.00	0
77062.5	13.50	0
77078.1	15.00	0
77093.8	15.75	0
77109.4	17.25	0
77125.0	19.50	0
77140.6	20.25	0
77156.2	21.75	0
77171.9	23.25	0
77187.5	24.75	0
77203.1	26.25	0
77218.8	27.75	0
77234.4	29.25	0
77250.0	30.00	0
77265.6	32.25	0
77281.2	33.00	0
77296.9	34.50	0
77312.5	35.25	0
77328.1	36.75	0
77343.8	37.50	0
77359.4	39.00	0
77375.0	40.50	0
77390.6	41.25	0
77406.2	42.00	0
77421.9	43.50	0
77437.5	44.25	0
77453.1	45.00	0
77468.8	45.75	0
77484.4	47.25	0
77500.0	48.00	0
77515.6	48.75	0
77531.2	49.50	0
77546.9	50.25	0
77562.5	51.00	0
77578.1	51.75	0
77593.8	51.75	0
77609.4	52.50	0
77625.0	53.25	0
77640.6	53.25	0
77656.2	54.00	0
77671.9	54.00	0
77687.5	54.75	0
77703.1	54.75	0
77718.8	55.50	0
77734.4	55.50	0
77750.0	55.50	0
77765.6	55.50	0
77781.2	55.50	0
77796.9	55.50	0
77812.5	55.50	0
77828.1	55.50	0
77843.8	54.75	0
77859.4	54.75	0
77875.0	54.75	0
77890.6	54.75	0
77906.2	54.00	0
77921.9	54.00	0
77937.5	53.25	0
77953.1	53.25	0
77968.8	52.50	0
77984.4	51.75	0
78000.0	51.75	0
78015.6	51.00	0
78031.2	50.25	0
78046.9	49.50	0
78062.5	48.75	0
78078.1	48.00	0
78093.8	47.25	0
78109.4	46.50	0
78125.0	45.75	0
78140.6	44.25	0
78156.2	43.50	0
78171.9	42.75	0
78187.5	41.25	0
78203.1	39.75	0
78218.8	39.00	0
78234.4	38.25	0
78250.0	36.75	0
78265.6	36.00	0
78281.2	34.50	0
78296.9	33.00	0
78312.5	32.25	0
78328.1	30.75	0
78343.8	29.25	0
78359.4	27.75	0
78375.0	26.25	0
78390.6	24.75	0
78406.2	23.25	0
78421.9	21.75	0
78437.5	20.25	0
78453.1	18.75	0
78468.8	17.25	0
78484.4	15.75	0
78500.0	14.25	0
78515.6	12.75	0
78531.2	11.25	0
78546.9	9.75	0
78562.5	8.25	0
78578.1	6.75	0
78593.8	5.25	0
78609.4	3.75	0
78625.0	1.50	0
78640.6	0.00	0
78656.2	-1.50	0
78671.9	-3.00	0
78687.5	-4.50	0
78703.1	-6.00	0
78718.8	-7.50	0
78734.4	-9.00	0
78750.0	-10.50	0
78765.6	-12.00	0
78781.2	-13.50	0
78796.9	-15.00	0
78812.5	-16.50	0
78828.1	-18.00	0
78843.8	-19.50	0
78859.4	-21.00	0
78875.0	-22.50	0
78890.6	-24.00	0
78906.2	-24.75	0
78921.9	-26.25	0
78937.5	-27.75	0
78953.1	-29.25	0
78968.8	-30.00	0
78984.4	-31.50	0
79000.0	-33.00	0
79015.6	-33.75	0
79031.2	-35.25	0
79046.9	-36.00	0
79062.5	-37.50	0
79078.1	-38.25	0
79093.8	-39.00	0
79109.4	-40.50	0
79125.0	-41.25	0
79140.6	-42.00	0
79156.2	-43.50	0
79171.9	-44.25	0
79187.5	-45.00	0
79203.1	-45.75	0
79218.8	-46.50	0
79234.4	-47.25	0
79250.0	-47.25	0
79265.6	-48.00	0
79281.2	-48.75	0
79296.9	-49.50	0
79312.5	-49.50	0
79328.1	-50.25	0
79343.8	-50.25	0
79359.4	-51.00	0
79375.0	-51.00	0
79390.6	-51.00	0
79406.2	-51.75	0
79421.9	-51.75	0
79437.5	-51.75	0
79453.1	-51.75	0
79468.8	-51.75	0
79484.4	-51.75	0
79500.0	-51.75	0
79515.6	-51.75	0
79531.2	-51.00	0
79546.9	-51.00	0
79562.5	-51.00	0
79578.1	-50.25	0
79593.8	-50.25	0
79609.4	-49.50	0
79625.0	-49.50	0
79640.6	-48.75	0
79656.2	-48.75	0
79671.9	-48.00	0
79687.5	-47.25	0
79703.1	-46.50	0
79718.8	-45.75	0
79734.4	-45.75	0
79750.0	-45.00	0
79765.6	-44.25	0
79781.2	-42.75	0
79796.9	-42.00	0
79812.5	-41.25	0
79828.1	-40.50	0
79843.8	-39.75	0
79859.4	-38.25	0
79875.0	-37.50	0
79890.6	-36.00	0
79906.2	-35.25	0
79921.9	-33.75	0
79937.5	-33.00	0
79953.1	-31.50	0
79968.8	-30.75	0
79984.4	-29.25	0
80000.0	-27.75	0
80015.6	-26.25	0
80031.2	-25.50	1
80046.9	-24.00	0
80062.5	-22.50	0
80078.1	-21.00	0
80093.8	-20.25	0
80109.4	-18.00	0
80125.0	-16.50	0
80140.6	-15.75	0
80156.2	-14.25	0
80171.9	-12.75	0
80187.5	-11.25	0
80203.1	-9.75	0
80218.8	-8.25	0
80234.4	-6.00	0
80250.0	-5.25	0
80265.6	-3.00	0
80281.2	-1.50	0
80296.9	0.00	0
80312.5	1.50	0
80328.1	3.00	0
80343.8	4.50	0
80359.4	6.00	0
80375.0	7.50	0
80390.6	9.00	0
80406.2	10.50	0
80421.9	12.75	0
80437.5	14.25	0
80453.1	15.75	0
80468.8	17.25	0
80484.4	18.75	0
80500.0	20.25	0
80515.6	21.00	0
80531.2	22.50	0
80546.9	24.75	0
80562.5	25.50	0
80578.1	27.00	0
80593.8	28.50	0
80609.4	30.00	0
80625.0	31.50	0
80640.6	32.25	0
80656.2	33.75	0
80671.9	35.25	0
80687.5	36.00	0
80703.1	37.50	0
80718.8	38.25	0
80734.4	39.75	0
80750.0	41.25	0
80765.6	42.00	0
80781.2	43.50	0
80796.9	44.25	0
80812.5	45.00	0
80828.1	45.75	0
80843.8	47.25	0
80859.4	48.00	0
80875.0	48.75	0
80890.6	49.50	0
80906.2	50.25	0
80921.9	51.00	0
80937.5	51.75	0
80953.1	51.75	0
80968.8	52.50	0
80984.4	53.25	0
81000.0	54.00	0
81015.6	54.00	0
81031.2	54.75	0
81046.9	54.75	0
81062.5	55.50	0
81078.1	55.50	0
81093.8	55.50	0
81109.4	55.50	0
81125.0	56.25	0
81140.6	56.25	0
81156.2	56.25	0
81171.9	56.25	0
81187.5	56.25	0
81203.1	56.25	0
81218.8	56.25	0
81234.4	56.25	0
81250.0	55.50	0
81265.6	55.50	0
81281.2	54.75	0
81296.9	54.75	0
81312.5	54.00	0
81328.1	54.00	0
81343.8	53.25	0
81359.4	52.50	0
81375.0	52.50	0
81390.6	51.75	0
81406.2	51.00	0
81421.9	50.25	0
81437.5	49.50	0
81453.1	48.75	0
81468.8	48.00	0
81484.4	46.50	0
81500.0	45.75	0
81515.6	45.00	0
81531.2	43.50	0
81546.9	42.75	0
81562.5	42.00	0
81578.1	40.50	0
81593.8	39.75	0
81609.4	38.25	0
81625.0	37.50	0
81640.6	36.00	0
81656.2	34.50	0
81671.9	33.00	0
81687.5	32.25	0
81703.1	30.75	0
81718.8	29.25	0
81734.4	27.75	0
81750.0	26.25	0
81765.6	25.50	0
81781.2	24.00	0
81796.9	21.75	0
81812.5	21.00	0
81828.1	18.75	0
81843.8	17.25	0
81859.4	15.75	0
81875.0	14.25	0
81890.6	12.75	0
81906.2	11.25	0
81921.9	9.75	0
81937.5	8.25	0
81953.1	6.75	0
81968.8	5.25	0
81984.4	3.00	0
82000.0	2.25	0
82031.2	-2.25	0
82046.9	-3.75	0
82062.5	-5.25	0
82078.1	-6.75	0
82093.8	-8.25	0
82109.4	-9.75	0
82125.0	-11.25	0
82140.6	-12.75	0
82156.2	-14.25	0
82171.9	-15.75	0
82187.5	-17.25	0
82203.1	-18.75	0
82218.8	-20.25	0
82234.4	-21.75	0
82250.0	-23.25	0
82265.6	-24.75	0
82281.2	-25.50	0
82296.9	-27.00	0
82312.5	-28.50	0
82328.1	-30.00	0
82343.8	-31.50	0
82359.4	-32.25	0
82375.0	-33.75	0
82390.6	-34.50	0
82406.2	-36.00	0
82421.9	-36.75	0
82437.5	-38.25	0
82453.1	-39.00	0
82468.8	-39.75	0
82484.4	-41.25	0
82500.0	-42.00	0
82515.6	-42.75	0
82531.2	-43.50	0
82546.9	-44.25	0
82562.5	-45.00	0
82578.1	-46.50	0
82593.8	-46.50	0
82609.4	-47.25	0
82625.0	-48.00	0
82640.6	-48.75	0
82656.2	-49.50	0
82671.9	-49.50	0
82687.5	-50.25	0
82703.1	-50.25	0
82718.8	-51.00	0
82734.4	-51.00	0
82750.0	-51.75	0
82765.6	-51.75	0
82781.2	-51.75	0
82796.9	-51.75	0
82812.5	-51.75	0
82828.1	-52.50	0
82843.8	-52.50	0
82859.4	-52.50	0
82875.0	-52.50	0
82890.6	-52.50	0
82906.2	-52.50	0
82921.9	-51.75	0
82937.5	-51.75	0
82953.1	-51.75	0
82968.8	-51.00	0
82984.4	-51.00	0
83000.0	-50.25	0
83015.6	-49.50	0
83031.2	-49.50	0
83046.9	-48.75	0
83062.5	-48.00	0
83078.1	-47.25	0
83093.8	-46.50	0
83109.4	-45.75	0
83125.0	-45.00	0
83140.6	-44.25	0
83156.2	-43.50	0
83171.9	-42.75	0
83187.5	-42.00	0
83203.1	-41.25	0
83218.8	-39.75	0
83234.4	-39.00	0
83250.0	-37.50	0
83265.6	-36.75	0
83281.2	-35.25	0
83296.9	-34.50	0
83312.5	-33.00	0
83328.1	-32.25	0
83343.8	-30.75	0
83359.4	-29.25	0
83375.0	-28.50	0
83390.6	-27.00	1
83406.2	-25.50	0
83421.9	-24.00	0
83437.5	-23.25	0
83453.1	-21.75	0
83468.8	-19.50	0
83484.4	-18.75	0
83500.0	-17.25	0
83515.6	-15.75	0
83531.2	-14.25	0
83546.9	-12.75	0
83562.5	-11.25	0
83578.1	-9.75	0
83593.8	-8.25	0
83609.4	-6.75	0
83625.0	-5.25	0
83640.6	-3.00	0
83656.2	-1.50	0
83671.9	0.75	0
83687.5	2.25	0
83703.1	3.75	0
83718.8	5.25	0
83734.4	6.75	0
83750.0	8.25	0
83765.6	9.75	0
83781.2	12.00	0
83796.9	12.75	0
83812.5	14.25	0
83828.1	15.75	0
83843.8	18.00	0
83859.4	19.50	0
83875.0	21.00	0
83890.6	21.75	0
83906.2	23.25	0
83921.9	24.75	0
83937.5	26.25	0
83953.1	27.75	0
83968.8	29.25	0
83984.4	30.75	0
84000.0	31.50	0
84015.6	33.00	0
84031.2	34.50	0
84046.9	35.25	0
84062.5	36.75	0
84078.1	38.25	0
84093.8	39.00	0
84109.4	40.50	0
84125.0	41.25	0
84140.6	42.75	0
84156.2	43.50	0
84171.9	44.25	0
84187.5	45.75	0
84203.1	46.50	0
84218.8	47.25	0
84234.4	48.00	0
84250.0	48.75	0
84265.6	50.25	0
84281.2	51.00	0
84296.9	51.00	0
84312.5	51.75	0
84328.1	52.50	0
84343.8	53.25	0
84359.4	53.25	0
84375.0	54.00	0
84390.6	54.75	0
84406.2	54.75	0
84421.9	55.50	0
84437.5	55.50	0
84453.1	55.50	0
84468.8	56.25	0
84484.4	56.25	0
84500.0	56.25	0
84515.6	56.25	0
84531.2	56.25	0
84546.9	56.25	0
84562.5	55.50	0
84578.1	55.50	0
84593.8	55.50	0
84609.4	55.50	0
84625.0	54.75	0
84640.6	54.75	0
84656.2	54.75	0
84671.9	54.00	0
84687.5	53.25	0
84703.1	53.25	0
84718.8	52.50	0
84734.4	51.75	0
84750.0	51.00	0
84765.6	51.00	0
84781.2	49.50	0
84796.9	49.50	0
84812.5	48.00	0
84828.1	47.25	0
84843.8	46.50	0
84859.4	45.75	0
84875.0	45.00	0
84890.6	43.50	0
84906.2	42.75	0
84921.9	42.00	0
84937.5	40.50	0
84953.1	39.75	0
84968.8	38.25	0
84984.4	36.75	0
85000.0	36.00	0
85015.6	34.50	0
85031.2	33.00	0
85046.9	32.25	0
85062.5	30.75	0
85078.1	29.25	0
85093.8	27.75	0
85109.4	26.25	0
85125.0	25.50	0
85140.6	24.00	0
85156.2	21.75	0
85171.9	20.25	0
85187.5	19.50	0
85203.1	18.00	0
85218.8	15.75	0
85234.4	14.25	0
85250.0	12.75	0
85265.6	11.25	0
85281.2	9.75	0
85296.9	8.25	0
85312.5	6.00	0
85328.1	5.25	0
85343.8	3.75	0
85359.4	1.50	0
85375.0	0.00	0
85390.6	-1.50	0
85406.2	-3.00	0
85421.9	-4.50	0
85437.5	-6.75	0
85453.1	-7.50	0
85468.8	-9.75	0
85484.4	-11.25	0
85500.0	-12.75	0
85515.6	-14.25	0
85531.2	-15.75	0
85546.9	-17.25	0
85562.5	-18.75	0
85578.1	-20.25	0
85593.8	-21.75	0
85609.4	-23.25	0
85625.0	-24.00	0
85640.6	-25.50	0
85656.2	-27.00	0
85671.9	-28.50	0
85687.5	-30.00	0
85703.1	-30.75	0
85718.8	-32.25	0
85734.4	-33.75	0
85750.0	-34.50	0
85765.6	-36.00	0
85781.2	-36.75	0
85796.9	-38.25	0
85812.5	-39.00	0
85828.1	-39.75	0
85843.8	-41.25	0
85859.4	-42.00	0
85875.0	-42.75	0
85890.6	-43.50	0
85906.2	-45.00	0
85921.9	-45.75	0
85937.5	-46.50	0
85953.1	-47.25	0
85968.8	-48.00	0
85984.4	-48.75	0
86000.0	-48.75	0
86015.6	-49.50	0
86031.2	-50.25	0
86046.9	-50.25	0
86062.5	-51.00	0
86078.1	-51.00	0
86093.8	-51.75	0
86109.4	-51.75	0
86125.0	-52.50	0
86140.6	-52.50	0
86156.2	-52.50	0
86171.9	-52.50	0
86187.5	-52.50	0
86203.1	-52.50	0
86218.8	-52.50	0
86234.4	-52.50	0
86250.0	-51.75	0
86265.6	-51.75	0
86281.2	-51.75	0
86296.9	-51.75	0
86312.5	-51.00	0
86328.1	-51.00	0
86343.8	-50.25	0
86359.4	-50.25	0
86375.0	-49.50	0
86390.6	-48.75	0
86406.2	-48.75	0
86421.9	-48.00	0
86437.5	-47.25	0
86453.1	-46.50	0
86468.8	-45.75	0
86484.4	-45.00	0
86500.0	-44.25	0
86515.6	-43.50	0
86531.2	-42.75	0
86546.9	-42.00	0
86562.5	-40.50	0
86578.1	-39.75	0
86593.8	-39.00	0
86609.4	-37.50	0
86625.0	-36.75	0
86640.6	-35.25	0
86656.2	-33.75	0
86671.9	-33.00	0
86687.5	-31.50	0
86703.1	-30.75	0
86718.8	-29.25	0
86734.4	-27.75	0
86750.0	-26.25	1
86765.6	-25.50	0
86781.2	-24.00	0
86796.9	-22.50	0
86812.5	-21.00	0
86828.1	-19.50	0
86843.8	-18.00	0
86859.4	-16.50	0
86875.0	-15.00	0
86890.6	-13.50	0
86906.2	-12.00	0
86921.9	-10.50	0
86937.5	-9.00	0
86953.1	-7.50	0
86968.8	-6.00	0
86984.4	-4.50	0
87000.0	-2.25	0
87015.6	-0.75	0
87031.2	0.00	0
87046.9	2.25	0
87062.5	3.75	0
87078.1	5.25	0
87093.8	6.75	0
87109.4	8.25	0
87125.0	9.75	0
87140.6	12.00	0
87156.2	13.50	0
87171.9	15.00	0
87187.5	16.50	0
87203.1	18.00	0
87218.8	19.50	0
87234.4	21.00	0
87250.0	22.50	0
87265.6	24.00	0
87281.2	25.50	0
87296.9	27.00	0
87312.5	28.50	0
87328.1	29.25	0
87343.8	30.75	0
87359.4	32.25	0
87375.0	33.75	0
87390.6	35.25	0
87406.2	36.00	0
87421.9	37.50	0
87437.5	39.00	0
87453.1	39.75	0
87468.8	41.25	0
87484.4	42.00	0
87500.0	43.50	0
87515.6	44.25	0
87531.2	45.00	0
87546.9	46.50	0
87562.5	47.25	0
87578.1	48.00	0
87593.8	48.75	0
87609.4	49.50	0
87625.0	50.25	0
87640.6	51.00	0
87656.2	51.75	0
87671.9	52.50	0
87687.5	53.25	0
87703.1	54.00	0
87718.8	54.00	0
87734.4	54.75	0
87750.0	55.50	0
87765.6	55.50	0
87781.2	55.50	0
87796.9	56.25	0
87812.5	56.25	0
87828.1	57.00	0
87843.8	57.00	0
87859.4	57.00	0
87875.0	57.00	0
87890.6	57.00	0
87906.2	57.00	0
87921.9	57.00	0
87937.5	57.00	0
87953.1	57.00	0
87968.8	57.00	0
87984.4	56.25	0
88000.0	56.25	0
88015.6	55.50	0
88031.2	55.50	0
88046.9	54.75	0
88062.5	54.00	0
88078.1	54.00	0
88093.8	53.25	0
88109.4	52.50	0
88125.0	51.75	0
88140.6	51.00	0
88156.2	50.25	0
88171.9	49.50	0
88187.5	48.75	0
88203.1	48.00	0
88218.8	47.25	0
88234.4	45.75	0
88250.0	45.00	0
88265.6	43.50	0
88281.2	42.75	0
88296.9	42.00	0
88312.5	40.50	0
88328.1	39.75	0
88343.8	38.25	0
88359.4	36.75	0
88375.0	36.00	0
88390.6	34.50	0
88406.2	33.00	0
88421.9	31.50	0
88437.5	30.00	0
88453.1	29.25	0
88468.8	27.75	0
88484.4	26.25	0
88500.0	24.75	0
88515.6	22.50	0
88531.2	21.00	0
88546.9	19.50	0
88562.5	18.00	0
88578.1	16.50	0
88593.8	15.00	0
88609.4	13.50	0
88625.0	12.00	0
88640.6	10.50	0
88656.2	9.00	0
88671.9	7.50	0
88687.5	5.25	0
88703.1	3.75	0
88718.8	2.25	0
88750.0	-2.25	0
88765.6	-3.75	0
88781.2	-5.25	0
88796.9	-6.75	0
88812.5	-8.25	0
88828.1	-9.75	0
88843.8	-11.25	0
88859.4	-12.75	0
88875.0	-15.00	0
88890.6	-16.50	0
88906.2	-18.00	0
88921.9	-19.50	0
88937.5	-21.00	0
88953.1	-21.75	0
88968.8	-23.25	0
88984.4	-24.75	0
89000.0	-26.25	0
89015.6	-27.75	0
89031.2	-29.25	0
89046.9	-30.75	0
89062.5	-31.50	0
89078.1	-33.00	0
89093.8	-34.50	0
89109.4	-35.25	0
89125.0	-36.75	0
89140.6	-37.50	0
89156.2	-39.00	0
89171.9	-39.75	0
89187.5	-41.25	0
89203.1	-42.00	0
89218.8	-42.75	0
89234.4	-43.50	0
89250.0	-45.00	0
89265.6	-45.75	0
89281.2	-46.50	0
89296.9	-47.25	0
89312.5	-48.00	0
89328.1	-48.75	0
89343.8	-48.75	0
89359.4	-49.50	0
89375.0	-50.25	0
89390.6	-51.00	0
89406.2	-51.00	0
89421.9	-51.75	0
89437.5	-51.75	0
89453.1	-52.50	0
89468.8	-52.50	0
89484.4	-52.50	0
89500.0	-53.25	0
89515.6	-53.25	0
89531.2	-53.25	0
89546.9	-53.25	0
89562.5	-53.25	0
89578.1	-53.25	0
89593.8	-52.50	0
89609.4	-52.50	0
89625.0	-52.50	0
89640.6	-52.50	0
89656.2	-51.75	0
89671.9	-51.75	0
89687.5	-51.75	0
89703.1	-51.00	0
89718.8	-50.25	0
89734.4	-50.25	0
89750.0	-49.50	0
89765.6	-48.75	0
89781.2	-48.00	0
89796.9	-48.00	0
89812.5	-47.25	0
89828.1	-46.50	0
89843.8	-45.75	0
89859.4	-44.25	0
89875.0	-43.50	0
89890.6	-42.75	0
89906.2	-42.00	0
89921.9	-40.50	0
89937.5	-39.75	0
89953.1	-39.00	0
89968.8	-37.50	0
89984.4	-36.75	0
90000.0	-35.25	0
90015.6	-34.50	0
90031.2	-33.00	0
90046.9	-31.50	0
90062.5	-30.75	0
90078.1	-29.25	0
90093.8	-27.75	1
90109.4	-27.00	0
90125.0	-25.50	0
90140.6	-24.00	0
90156.2	-22.50	0
90171.9	-21.00	0
90187.5	-19.50	0
90203.1	-18.00	0
90218.8	-16.50	0
90234.4	-15.00	0
90250.0	-13.50	0
90265.6	-11.25	0
90281.2	-10.50	0
90296.9	-9.00	0
90312.5	-7.50	0
90328.1	-6.00	0
90343.8	-3.75	0
90359.4	-2.25	0
90375.0	-0.75	0
90390.6	0.75	0
90406.2	2.25	0
90421.9	4.50	0
90437.5	5.25	0
90453.1	7.50	0
90468.8	9.00	0
90484.4	10.50	0
90500.0	12.00	0
90515.6	13.50	0
90531.2	15.75	0
90546.9	17.25	0
90562.5	18.75	0
90578.1	20.25	0
90593.8	21.75	0
90609.4	23.25	0
90625.0	24.00	0
90640.6	25.50	0
90656.2	27.75	0
90671.9	28.50	0
90687.5	30.00	0
90703.1	31.50	0
90718.8	33.00	0
90734.4	34.50	0
90750.0	36.00	0
