46281.2	-67.50	0
46296.9	-65.25	0
46312.5	-63.00	0
46328.1	-60.75	0
46343.8	-58.50	0
46359.4	-56.25	0
46375.0	-54.00	0
46390.6	-51.00	0
46406.2	-48.75	0
46421.9	-46.50	0
46437.5	-43.50	0
46453.1	-40.50	0
46468.8	-38.25	0
46484.4	-35.25	0
46500.0	-33.00	0
46515.6	-30.00	0
46531.2	-27.00	0
46546.9	-24.75	0
46562.5	-21.75	0
46578.1	-18.75	0
46593.8	-15.75	0
46609.4	-12.75	0
46625.0	-9.75	0
46640.6	-6.75	0
46656.2	-3.75	0
46671.9	-1.50	0
46687.5	2.25	0
46703.1	6.00	0
46718.8	9.00	0
46734.4	12.00	0
46750.0	14.25	0
46765.6	17.25	0
46781.2	20.25	0
46796.9	22.50	0
46812.5	26.25	0
46828.1	28.50	0
46843.8	31.50	0
46859.4	34.50	0
46875.0	36.75	0
46890.6	39.75	0
46906.2	42.75	0
46921.9	45.00	0
46937.5	47.25	0
46953.1	49.50	0
46968.8	52.50	0
46984.4	54.75	0
47000.0	57.00	0
47015.6	59.25	0
47031.2	62.25	0
47046.9	64.50	0
47062.5	66.00	0
47078.1	68.25	0
47093.8	69.75	0
47109.4	72.00	0
47125.0	74.25	0
47140.6	75.75	0
47156.2	77.25	0
47171.9	78.75	0
47187.5	80.25	0
47203.1	81.75	0
47218.8	83.25	0
47234.4	84.75	0
47250.0	85.50	0
47265.6	87.00	0
47281.2	87.75	0
47296.9	88.50	0
47312.5	90.00	0
47328.1	90.00	0
47343.8	90.75	0
47359.4	91.50	0
47375.0	92.25	0
47390.6	92.25	0
47406.2	93.00	0
47421.9	93.00	0
47437.5	93.00	0
47453.1	93.00	0
47468.8	93.00	0
47484.4	93.00	0
47500.0	93.00	0
47515.6	92.25	0
47531.2	91.50	0
47546.9	91.50	0
47562.5	90.75	0
47578.1	90.00	0
47593.8	89.25	0
47609.4	87.75	0
47625.0	87.00	0
47640.6	86.25	0
47656.2	84.75	0
47671.9	83.25	0
47687.5	81.75	0
47703.1	81.00	0
47718.8	79.50	0
47734.4	77.25	0
47750.0	75.75	0
47765.6	74.25	0
47781.2	72.00	0
47796.9	70.50	0
47812.5	68.25	0
47828.1	66.00	0
47843.8	63.75	0
47859.4	61.50	0
47875.0	59.25	0
47890.6	57.00	0
47906.2	54.75	0
47921.9	52.50	0
47937.5	49.50	0
47953.1	47.25	0
47968.8	44.25	0
47984.4	42.00	0
48000.0	39.00	0
48015.6	36.75	0
48031.2	33.75	0
48046.9	30.75	0
48062.5	27.75	0
48078.1	24.75	0
48093.8	22.50	0
48109.4	18.75	0
48125.0	15.75	0
48140.6	13.50	0
48156.2	10.50	0
48171.9	7.50	0
48187.5	3.75	0
48203.1	1.50	0
48218.8	-2.25	0
48234.4	-5.25	0
48250.0	-8.25	0
48265.6	-11.25	0
48281.2	-14.25	0
48296.9	-17.25	0
48312.5	-20.25	0
48328.1	-22.50	0
48343.8	-26.25	0
48359.4	-28.50	0
48375.0	-31.50	0
48390.6	-34.50	0
48406.2	-36.75	0
48421.9	-39.75	0
48437.5	-42.75	0
48453.1	-45.00	0
48468.8	-47.25	0
48484.4	-50.25	0
48500.0	-52.50	0
48515.6	-54.75	0
48531.2	-57.00	0
48546.9	-59.25	0
48562.5	-62.25	0
48578.1	-63.75	0
48593.8	-66.00	0
48609.4	-68.25	0
48625.0	-69.75	0
48640.6	-72.00	0
48656.2	-73.50	0
48671.9	-75.75	0
48687.5	-77.25	0
48703.1	-78.75	0
48718.8	-80.25	0
48734.4	-81.75	0
48750.0	-83.25	0
48765.6	-84.75	0
48781.2	-85.50	0
48796.9	-87.00	0
48812.5	-87.75	0
48828.1	-89.25	1
48843.8	-90.00	0
48859.4	-90.75	0
48875.0	-91.50	0
48890.6	-91.50	0
48906.2	-92.25	0
48921.9	-93.00	0
48937.5	-93.00	0
48953.1	-93.75	0
48968.8	-93.75	0
48984.4	-93.75	0
49000.0	-93.75	0
49015.6	-93.75	0
49031.2	-93.75	0
49046.9	-93.75	0
49062.5	-93.00	0
49078.1	-93.00	0
49093.8	-92.25	0
49109.4	-91.50	0
49125.0	-90.75	0
49140.6	-90.00	0
49156.2	-89.25	0
49171.9	-88.50	0
49187.5	-87.75	0
49203.1	-86.25	0
49218.8	-84.75	0
49234.4	-84.00	0
49250.0	-82.50	0
49265.6	-81.00	0
49281.2	-79.50	0
49296.9	-78.00	0
49312.5	-76.50	0
49328.1	-74.25	0
49343.8	-72.75	0
49359.4	-70.50	0
49375.0	-69.00	0
49390.6	-66.75	0
49406.2	-64.50	0
49421.9	-63.00	0
49437.5	-60.00	0
49453.1	-57.75	0
49468.8	-55.50	0
49484.4	-53.25	0
49500.0	-51.00	0
49515.6	-48.00	0
49531.2	-45.75	0
49546.9	-43.50	0
49562.5	-40.50	0
49578.1	-38.25	0
49593.8	-35.25	0
49609.4	-32.25	0
49625.0	-30.00	0
49640.6	-27.00	0
49656.2	-24.00	0
49671.9	-21.00	0
49687.5	-18.75	0
49703.1	-15.75	0
49718.8	-12.75	0
49734.4	-9.75	0
49750.0	-6.75	0
49765.6	-3.75	0
49781.2	-0.75	0
49796.9	2.25	0
49812.5	6.00	0
49828.1	8.25	0
49843.8	11.25	0
49859.4	14.25	0
49875.0	17.25	0
49890.6	20.25	0
49906.2	23.25	0
49921.9	26.25	0
49937.5	28.50	0
49953.1	31.50	0
49968.8	34.50	0
49984.4	36.75	0
50000.0	39.75	0
50015.6	42.00	0
50031.2	45.00	0
50046.9	47.25	0
50062.5	50.25	0
50078.1	52.50	0
50093.8	54.75	0
50109.4	57.00	0
50125.0	59.25	0
50140.6	61.50	0
50156.2	63.75	0
50171.9	66.00	0
50187.5	68.25	0
50203.1	69.75	0
50218.8	72.00	0
50234.4	73.50	0
50250.0	75.00	0
50265.6	77.25	0
50281.2	78.75	0
50296.9	80.25	0
50312.5	81.75	0
50328.1	82.50	0
50343.8	84.00	0
50359.4	85.50	0
50375.0	86.25	0
50390.6	87.75	0
50406.2	88.50	0
50421.9	89.25	0
50437.5	90.00	0
50453.1	90.75	0
50468.8	90.75	0
50484.4	91.50	0
50500.0	92.25	0
50515.6	92.25	0
50531.2	92.25	0
50546.9	92.25	0
50562.5	92.25	0
50578.1	92.25	0
50593.8	91.50	0
50609.4	91.50	0
50625.0	90.75	0
50640.6	90.75	0
50656.2	90.00	0
50671.9	89.25	0
50687.5	88.50	0
50703.1	87.75	0
50718.8	87.00	0
50734.4	85.50	0
50750.0	84.75	0
50765.6	83.25	0
50781.2	82.50	0
50796.9	80.25	0
50812.5	79.50	0
50828.1	78.00	0
50843.8	76.50	0
50859.4	74.25	0
50875.0	72.75	0
50890.6	70.50	0
50906.2	69.00	0
50921.9	66.75	0
50937.5	64.50	0
50953.1	63.00	0
50968.8	60.00	0
50984.4	57.75	0
51000.0	55.50	0
51015.6	53.25	0
51031.2	51.00	0
51046.9	48.00	0
51062.5	45.75	0
51078.1	42.75	0
51093.8	40.50	0
51109.4	37.50	0
51125.0	34.50	0
51140.6	32.25	0
51156.2	29.25	0
51171.9	27.00	0
51187.5	23.25	0
51203.1	20.25	0
51218.8	18.00	0
51234.4	15.00	0
51250.0	12.00	0
51265.6	9.00	0
51281.2	6.00	0
51296.9	3.00	0
51312.5	0.00	0
51328.1	-3.00	0
51343.8	-6.00	0
51359.4	-9.00	0
51375.0	-12.00	0
51390.6	-14.25	0
51406.2	-17.25	0
51421.9	-21.00	0
51437.5	-23.25	0
51453.1	-26.25	0
51468.8	-29.25	0
51484.4	-32.25	0
51500.0	-34.50	0
51515.6	-37.50	0
51531.2	-39.75	0
51546.9	-42.75	0
51562.5	-45.75	0
51578.1	-48.00	0
51593.8	-50.25	0
51609.4	-52.50	0
51625.0	-54.75	0
51640.6	-57.75	0
51656.2	-60.00	0
51671.9	-62.25	0
51687.5	-63.75	0
51703.1	-66.00	0
51718.8	-68.25	0
51734.4	-70.50	0
51750.0	-72.00	0
51765.6	-73.50	0
51781.2	-75.00	0
51796.9	-77.25	0
51812.5	-78.75	0
51828.1	-80.25	0
51843.8	-81.75	0
51859.4	-83.25	0
51875.0	-84.00	0
51890.6	-85.50	0
51906.2	-86.25	0
51921.9	-87.75	1
51937.5	-88.50	0
51953.1	-89.25	0
51968.8	-90.00	0
51984.4	-90.75	0
52000.0	-91.50	0
52015.6	-92.25	0
52031.2	-92.25	0
52046.9	-93.00	0
52062.5	-93.00	0
52078.1	-93.00	0
52093.8	-93.00	0
52109.4	-93.00	0
52125.0	-93.00	0
52140.6	-93.00	0
52156.2	-92.25	0
52171.9	-92.25	0
52187.5	-91.50	0
52203.1	-90.75	0
52218.8	-90.75	0
52234.4	-89.25	0
52250.0	-88.50	0
52265.6	-87.75	0
52281.2	-87.00	0
52296.9	-86.25	0
52312.5	-84.75	0
52328.1	-84.00	0
52343.8	-82.50	0
52359.4	-81.00	0
52375.0	-79.50	0
52390.6	-78.00	0
52406.2	-76.50	0
52421.9	-75.00	0
52437.5	-72.75	0
52453.1	-71.25	0
52468.8	-69.75	0
52484.4	-67.50	0
52500.0	-65.25	0
52515.6	-63.00	0
52531.2	-61.50	0
52546.9	-59.25	0
52562.5	-56.25	0
52578.1	-54.00	0
52593.8	-51.75	0
52609.4	-49.50	0
52625.0	-47.25	0
52640.6	-44.25	0
52656.2	-42.00	0
52671.9	-39.00	0
52687.5	-36.75	0
52703.1	-34.50	0
52718.8	-30.75	0
52734.4	-28.50	0
52750.0	-25.50	0
52765.6	-23.25	0
52781.2	-20.25	0
52796.9	-17.25	0
52812.5	-14.25	0
52828.1	-11.25	0
52843.8	-9.00	0
52859.4	-5.25	0
52875.0	-2.25	0
52890.6	0.00	0
52906.2	3.00	0
52921.9	6.00	0
52937.5	9.00	0
52953.1	12.00	0
52968.8	15.00	0
52984.4	17.25	0
53000.0	20.25	0
53015.6	23.25	0
53031.2	26.25	0
53046.9	29.25	0
53062.5	31.50	0
53078.1	34.50	0
53093.8	37.50	0
53109.4	39.75	0
53125.0	42.75	0
53140.6	45.00	0
53156.2	47.25	0
53171.9	50.25	0
53187.5	52.50	0
53203.1	54.75	0
53218.8	57.00	0
53234.4	59.25	0
53250.0	61.50	0
53265.6	63.75	0
53281.2	66.00	0
53296.9	67.50	0
53312.5	69.75	0
53328.1	72.00	0
53343.8	73.50	0
53359.4	75.00	0
53375.0	76.50	0
53390.6	78.75	0
53406.2	80.25	0
53421.9	81.00	0
53437.5	82.50	0
53453.1	84.00	0
53468.8	84.75	0
53484.4	86.25	0
53500.0	87.00	0
53515.6	87.75	0
53531.2	88.50	0
53546.9	89.25	0
53562.5	90.00	0
53578.1	90.75	0
53593.8	90.75	0
53609.4	91.50	0
53625.0	91.50	0
53640.6	91.50	0
53656.2	91.50	0
53671.9	91.50	0
53687.5	91.50	0
53703.1	90.75	0
53718.8	90.75	0
53734.4	90.75	0
53750.0	90.00	0
53765.6	89.25	0
53781.2	88.50	0
53796.9	87.75	0
53812.5	87.00	0
53828.1	86.25	0
53843.8	84.75	0
53859.4	84.00	0
53875.0	82.50	0
53890.6	81.75	0
53906.2	80.25	0
53921.9	78.75	0
53937.5	77.25	0
53953.1	75.00	0
53968.8	73.50	0
53984.4	72.00	0
54000.0	69.75	0
54015.6	68.25	0
54031.2	66.00	0
54046.9	63.75	0
54062.5	61.50	0
54078.1	59.25	0
54093.8	57.00	0
54109.4	54.75	0
54125.0	52.50	0
54140.6	49.50	0
54156.2	47.25	0
54171.9	45.00	0
54187.5	42.00	0
54203.1	39.75	0
54218.8	36.75	0
54234.4	33.75	0
54250.0	31.50	0
54265.6	28.50	0
54281.2	26.25	0
54296.9	22.50	0
54312.5	20.25	0
54328.1	17.25	0
54343.8	14.25	0
54359.4	11.25	0
54375.0	8.25	0
54390.6	5.25	0
54406.2	2.25	0
54421.9	-0.75	0
54437.5	-3.75	0
54453.1	-6.75	0
54468.8	-9.75	0
54484.4	-12.00	0
54500.0	-15.00	0
54515.6	-18.75	0
54531.2	-21.00	0
54546.9	-24.00	0
54562.5	-27.00	0
54578.1	-29.25	0
54593.8	-32.25	0
54609.4	-35.25	0
54625.0	-37.50	0
54640.6	-40.50	0
54656.2	-42.75	0
54671.9	-45.75	0
54687.5	-48.00	0
54703.1	-50.25	0
54718.8	-52.50	0
54734.4	-54.75	0
54750.0	-57.75	0
54765.6	-60.00	0
54781.2	-62.25	0
54796.9	-63.75	0
54812.5	-66.75	0
54828.1	-68.25	0
54843.8	-69.75	0
54859.4	-72.00	0
54875.0	-73.50	0
54890.6	-75.00	0
54906.2	-77.25	0
54921.9	-78.75	0
54937.5	-80.25	0
54953.1	-81.75	0
54968.8	-82.50	0
54984.4	-84.00	0
55000.0	-85.50	0
55015.6	-86.25	0
55031.2	-87.00	1
55046.9	-88.50	0
55062.5	-89.25	0
55078.1	-90.00	0
55093.8	-90.75	0
55109.4	-90.75	0
55125.0	-91.50	0
55140.6	-92.25	0
55156.2	-92.25	0
55171.9	-92.25	0
55187.5	-92.25	0
55203.1	-93.00	0
55218.8	-93.00	0
55234.4	-93.00	0
55250.0	-93.00	0
55265.6	-92.25	0
55281.2	-92.25	0
55296.9	-91.50	0
55312.5	-90.75	0
55328.1	-90.00	0
55343.8	-90.00	0
55359.4	-88.50	0
55375.0	-87.75	0
55390.6	-87.00	0
55406.2	-85.50	0
55421.9	-84.75	0
55437.5	-83.25	0
55453.1	-81.75	0
55468.8	-81.00	0
55484.4	-79.50	0
55500.0	-78.00	0
55515.6	-75.75	0
55531.2	-74.25	0
55546.9	-72.75	0
55562.5	-71.25	0
55578.1	-69.00	0
55593.8	-66.75	0
55609.4	-65.25	0
55625.0	-63.00	0
55640.6	-60.75	0
55656.2	-58.50	0
55671.9	-56.25	0
55687.5	-54.00	0
55703.1	-51.75	0
55718.8	-48.75	0
55734.4	-46.50	0
55750.0	-44.25	0
55765.6	-41.25	0
55781.2	-39.00	0
55796.9	-36.00	0
55812.5	-33.75	0
55828.1	-30.75	0
55843.8	-28.50	0
55859.4	-25.50	0
55875.0	-22.50	0
55890.6	-19.50	0
55906.2	-16.50	0
55921.9	-14.25	0
55937.5	-11.25	0
55953.1	-8.25	0
55968.8	-5.25	0
55984.4	-2.25	0
56000.0	1.50	0
56015.6	4.50	0
56031.2	7.50	0
56046.9	9.75	0
56062.5	12.75	0
56078.1	15.75	0
56093.8	18.75	0
56109.4	21.75	0
56125.0	24.00	0
56140.6	27.00	0
56156.2	30.00	0
56171.9	33.00	0
56187.5	35.25	0
56203.1	38.25	0
56218.8	40.50	0
56234.4	42.75	0
56250.0	45.75	0
56265.6	48.75	0
56281.2	51.00	0
56296.9	53.25	0
56312.5	55.50	0
56328.1	57.75	0
56343.8	60.00	0
56359.4	62.25	0
56375.0	64.50	0
56390.6	66.75	0
56406.2	68.25	0
56421.9	70.50	0
56437.5	72.00	0
56453.1	73.50	0
56468.8	75.75	0
56484.4	77.25	0
56500.0	78.75	0
56515.6	80.25	0
56531.2	81.75	0
56546.9	83.25	0
56562.5	84.00	0
56578.1	85.50	0
56593.8	86.25	0
56609.4	87.00	0
56625.0	87.75	0
56640.6	88.50	0
56656.2	89.25	0
56671.9	90.00	0
56687.5	90.75	0
56703.1	90.75	0
56718.8	91.50	0
56734.4	91.50	0
56750.0	91.50	0
56765.6	91.50	0
56781.2	91.50	0
56796.9	90.75	0
56812.5	90.75	0
56828.1	90.75	0
56843.8	90.00	0
56859.4	89.25	0
56875.0	88.50	0
56890.6	88.50	0
56906.2	87.75	0
56921.9	86.25	0
56937.5	85.50	0
56953.1	84.75	0
56968.8	83.25	0
56984.4	81.75	0
57000.0	80.25	0
57015.6	79.50	0
57031.2	78.00	0
57046.9	76.50	0
57062.5	75.00	0
57078.1	72.75	0
57093.8	70.50	0
57109.4	69.00	0
57125.0	66.75	0
57140.6	65.25	0
57156.2	63.00	0
57171.9	60.75	0
57187.5	58.50	0
57203.1	56.25	0
57218.8	54.00	0
57234.4	51.75	0
57250.0	49.50	0
57265.6	46.50	0
57281.2	43.50	0
57296.9	41.25	0
57312.5	39.00	0
57328.1	36.00	0
57343.8	33.00	0
57359.4	30.00	0
57375.0	27.75	0
57390.6	24.75	0
57406.2	21.75	0
57421.9	18.75	0
57437.5	15.75	0
57453.1	13.50	0
57468.8	10.50	0
57484.4	7.50	0
57500.0	3.75	0
57515.6	1.50	0
57531.2	-1.50	0
57546.9	-4.50	0
57562.5	-6.75	0
57578.1	-10.50	0
57593.8	-13.50	0
57609.4	-16.50	0
57625.0	-18.75	0
57640.6	-22.50	0
57656.2	-24.75	0
57671.9	-27.75	0
57687.5	-30.00	0
57703.1	-33.00	0
57718.8	-36.00	0
57734.4	-39.00	0
57750.0	-41.25	0
57765.6	-43.50	0
57781.2	-45.75	0
57796.9	-48.75	0
57812.5	-51.00	0
57828.1	-53.25	0
57843.8	-55.50	0
57859.4	-57.75	0
57875.0	-60.75	0
57890.6	-62.25	0
57906.2	-64.50	0
57921.9	-66.75	0
57937.5	-68.25	0
57953.1	-70.50	0
57968.8	-72.75	0
57984.4	-74.25	0
58000.0	-75.75	0
58015.6	-77.25	0
58031.2	-78.75	0
58046.9	-80.25	0
58062.5	-81.75	0
58078.1	-83.25	0
58093.8	-84.00	0
58109.4	-85.50	0
58125.0	-86.25	0
58140.6	-87.75	1
58156.2	-88.50	0
58171.9	-89.25	0
58187.5	-90.00	0
58203.1	-90.75	0
58218.8	-90.75	0
58234.4	-91.50	0
58250.0	-91.50	0
58265.6	-92.25	0
58281.2	-92.25	0
58296.9	-92.25	0
58312.5	-92.25	0
58328.1	-92.25	0
58343.8	-92.25	0
58359.4	-91.50	0
58375.0	-91.50	0
58390.6	-90.75	0
58406.2	-90.75	0
58421.9	-90.00	0
58437.5	-89.25	0
58453.1	-88.50	0
58468.8	-87.75	0
58484.4	-87.00	0
58500.0	-85.50	0
58515.6	-84.75	0
58531.2	-83.25	0
58546.9	-82.50	0
58562.5	-81.00	0
58578.1	-79.50	0
58593.8	-78.00	0
58609.4	-76.50	0
58625.0	-75.00	0
58640.6	-72.75	0
58656.2	-71.25	0
58671.9	-69.75	0
58687.5	-67.50	0
58703.1	-66.00	0
58718.8	-63.75	0
58734.4	-61.50	0
58750.0	-59.25	0
58765.6	-57.00	0
58781.2	-54.75	0
58796.9	-52.50	0
58812.5	-50.25	0
58828.1	-48.00	0
58843.8	-45.00	0
58859.4	-42.75	0
58875.0	-39.75	0
58890.6	-37.50	0
58906.2	-35.25	0
58921.9	-32.25	0
58937.5	-30.00	0
58953.1	-26.25	0
58968.8	-24.00	0
58984.4	-21.00	0
59000.0	-18.75	0
59015.6	-15.75	0
59031.2	-12.75	0
59046.9	-9.75	0
59062.5	-6.75	0
59078.1	-4.50	0
59093.8	-0.75	0
59109.4	2.25	0
59125.0	4.50	0
59140.6	7.50	0
59156.2	10.50	0
59171.9	13.50	0
59187.5	15.75	0
59203.1	19.50	0
59218.8	21.75	0
59234.4	24.75	0
59250.0	27.75	0
59265.6	30.00	0
59281.2	33.00	0
59296.9	36.00	0
59312.5	38.25	0
59328.1	41.25	0
59343.8	43.50	0
59359.4	45.75	0
59375.0	48.75	0
59390.6	51.00	0
59406.2	53.25	0
59421.9	55.50	0
59437.5	57.75	0
59453.1	60.75	0
59468.8	62.25	0
59484.4	64.50	0
59500.0	66.75	0
59515.6	68.25	0
59531.2	70.50	0
59546.9	72.00	0
59562.5	74.25	0
59578.1	75.75	0
59593.8	77.25	0
59609.4	78.75	0
59625.0	80.25	0
59640.6	81.75	0
59656.2	82.50	0
59671.9	84.00	0
59687.5	84.75	0
59703.1	86.25	0
59718.8	87.00	0
59734.4	87.75	0
59750.0	88.50	0
59765.6	89.25	0
59781.2	90.00	0
59796.9	90.00	0
59812.5	90.75	0
59828.1	90.75	0
59843.8	91.50	0
59859.4	91.50	0
59875.0	91.50	0
59890.6	91.50	0
59906.2	91.50	0
59921.9	90.75	0
59937.5	90.75	0
59953.1	90.00	0
59968.8	90.00	0
59984.4	89.25	0
60000.0	88.50	0
60015.6	87.75	0
60031.2	87.00	0
60046.9	85.50	0
60062.5	84.75	0
60078.1	83.25	0
60093.8	82.50	0
60109.4	81.00	0
60125.0	79.50	0
60140.6	78.00	0
60156.2	76.50	0
60171.9	75.00	0
60187.5	72.75	0
60203.1	71.25	0
60218.8	69.00	0
60234.4	67.50	0
60250.0	65.25	0
60265.6	63.00	0
60281.2	60.75	0
60296.9	58.50	0
60312.5	56.25	0
60328.1	54.00	0
60343.8	51.00	0
60359.4	48.75	0
60375.0	46.50	0
60390.6	44.25	0
60406.2	41.25	0
60421.9	38.25	0
60437.5	36.00	0
60453.1	33.00	0
60468.8	30.75	0
60484.4	27.75	0
60500.0	24.75	0
60515.6	21.75	0
60531.2	18.75	0
60546.9	16.50	0
60562.5	13.50	0
60578.1	10.50	0
60593.8	7.50	0
60609.4	4.50	0
60625.0	1.50	0
60640.6	-2.25	0
60656.2	-5.25	0
60671.9	-8.25	0
60687.5	-11.25	0
60703.1	-13.50	0
60718.8	-16.50	0
60734.4	-19.50	0
60750.0	-22.50	0
60765.6	-25.50	0
60781.2	-27.75	0
60796.9	-30.75	0
60812.5	-33.00	0
60828.1	-36.75	0
60843.8	-39.00	0
60859.4	-41.25	0
60875.0	-44.25	0
60890.6	-46.50	0
60906.2	-49.50	0
60921.9	-51.75	0
60937.5	-54.00	0
60953.1	-56.25	0
60968.8	-58.50	0
60984.4	-60.75	0
61000.0	-63.00	0
61015.6	-65.25	0
61031.2	-66.75	0
61046.9	-69.00	0
61062.5	-70.50	0
61078.1	-72.75	0
61093.8	-74.25	0
61109.4	-75.75	0
61125.0	-77.25	0
61140.6	-78.75	0
61156.2	-80.25	0
61171.9	-81.75	0
61187.5	-83.25	0
61203.1	-84.00	0
61218.8	-85.50	0
61234.4	-86.25	0
61250.0	-87.75	1
61265.6	-88.50	0
61281.2	-89.25	0
61296.9	-90.00	0
61312.5	-90.00	0
61328.1	-90.75	0
61343.8	-91.50	0
61359.4	-91.50	0
61375.0	-92.25	0
61390.6	-92.25	0
61406.2	-92.25	0
61421.9	-92.25	0
61437.5	-92.25	0
61453.1	-92.25	0
61468.8	-92.25	0
61484.4	-91.50	0
61500.0	-91.50	0
61515.6	-90.75	0
61531.2	-90.00	0
61546.9	-89.25	0
61562.5	-88.50	0
61578.1	-87.75	0
61593.8	-87.00	0
61609.4	-86.25	0
61625.0	-84.75	0
61640.6	-84.00	0
61656.2	-82.50	0
61671.9	-81.00	0
61687.5	-79.50	0
61703.1	-78.00	0
61718.8	-76.50	0
61734.4	-75.00	0
61750.0	-73.50	0
61765.6	-71.25	0
61781.2	-69.75	0
61796.9	-67.50	0
61812.5	-66.00	0
61828.1	-63.75	0
61843.8	-61.50	0
61859.4	-59.25	0
61875.0	-57.00	0
61890.6	-54.75	0
61906.2	-52.50	0
61921.9	-50.25	0
61937.5	-47.25	0
61953.1	-45.00	0
61968.8	-42.75	0
61984.4	-40.50	0
62000.0	-37.50	0
62015.6	-34.50	0
62031.2	-32.25	0
62046.9	-29.25	0
62062.5	-27.00	0
62078.1	-24.00	0
62093.8	-21.00	0
62109.4	-18.00	0
62125.0	-15.00	0
62140.6	-12.00	0
62156.2	-9.75	0
62171.9	-6.75	0
62187.5	-3.75	0
62218.8	3.00	0
62234.4	6.00	0
62250.0	8.25	0
62265.6	11.25	0
62281.2	14.25	0
62296.9	17.25	0
62312.5	19.50	0
62328.1	23.25	0
62343.8	25.50	0
62359.4	28.50	0
62375.0	30.75	0
62390.6	33.75	0
62406.2	36.75	0
62421.9	39.00	0
62437.5	42.00	0
62453.1	44.25	0
62468.8	46.50	0
62484.4	49.50	0
62500.0	51.75	0
62515.6	54.00	0
62531.2	56.25	0
62546.9	58.50	0
62562.5	60.75	0
62578.1	63.00	0
62593.8	65.25	0
62609.4	67.50	0
62625.0	69.00	0
62640.6	70.50	0
62656.2	72.75	0
62671.9	74.25	0
62687.5	76.50	0
62703.1	78.00	0
62718.8	78.75	0
62734.4	81.00	0
62750.0	81.75	0
62765.6	83.25	0
62781.2	84.00	0
62796.9	85.50	0
62812.5	86.25	0
62828.1	87.75	0
62843.8	88.50	0
62859.4	88.50	0
62875.0	89.25	0
62890.6	90.00	0
62906.2	90.75	0
62921.9	90.75	0
62937.5	90.75	0
62953.1	91.50	0
62968.8	91.50	0
62984.4	91.50	0
63000.0	91.50	0
63015.6	91.50	0
63031.2	91.50	0
63046.9	90.75	0
63062.5	90.00	0
63078.1	90.00	0
63093.8	89.25	0
63109.4	88.50	0
63125.0	87.75	0
63140.6	86.25	0
63156.2	85.50	0
63171.9	84.75	0
63187.5	83.25	0
63203.1	81.75	0
63218.8	81.00	0
63234.4	79.50	0
63250.0	77.25	0
63265.6	75.75	0
63281.2	74.25	0
63296.9	72.75	0
63312.5	70.50	0
63328.1	69.00	0
63343.8	66.75	0
63359.4	65.25	0
63375.0	62.25	0
63390.6	60.00	0
63406.2	57.75	0
63421.9	55.50	0
63437.5	53.25	0
63453.1	51.00	0
63468.8	48.75	0
63484.4	45.75	0
63500.0	43.50	0
63515.6	40.50	0
63531.2	38.25	0
63546.9	35.25	0
63562.5	33.00	0
63578.1	30.00	0
63593.8	27.00	0
63609.4	24.00	0
63625.0	21.00	0
63640.6	18.00	0
63656.2	15.75	0
63671.9	12.75	0
63687.5	9.75	0
63703.1	6.75	0
63718.8	3.75	0
63734.4	0.00	0
63750.0	-3.00	0
63765.6	-6.00	0
63781.2	-9.00	0
63796.9	-11.25	0
63812.5	-14.25	0
63828.1	-17.25	0
63843.8	-20.25	0
63859.4	-23.25	0
63875.0	-25.50	0
63890.6	-28.50	0
63906.2	-31.50	0
63921.9	-34.50	0
63937.5	-36.75	0
63953.1	-39.75	0
63968.8	-42.00	0
63984.4	-44.25	0
64000.0	-47.25	0
64015.6	-49.50	0
64031.2	-51.75	0
64046.9	-54.75	0
64062.5	-57.00	0
64078.1	-59.25	0
64093.8	-61.50	0
64109.4	-63.00	0
64125.0	-65.25	0
64140.6	-67.50	0
64156.2	-69.75	0
64171.9	-71.25	0
64187.5	-72.75	0
64203.1	-75.00	0
64218.8	-76.50	0
64234.4	-78.00	0
64250.0	-79.50	0
64265.6	-81.00	0
64281.2	-82.50	0
64296.9	-83.25	0
64312.5	-84.75	0
64328.1	-85.50	0
64343.8	-87.00	0
64359.4	-87.75	1
64375.0	-88.50	0
64390.6	-89.25	0
64406.2	-90.00	0
64421.9	-90.75	0
64437.5	-90.75	0
64453.1	-91.50	0
64468.8	-92.25	0
64484.4	-92.25	0
64500.0	-92.25	0
64515.6	-92.25	0
64531.2	-92.25	0
64546.9	-92.25	0
64562.5	-91.50	0
64578.1	-91.50	0
64593.8	-90.75	0
64609.4	-90.75	0
64625.0	-90.00	0
64640.6	-89.25	0
64656.2	-88.50	0
64671.9	-87.75	0
64687.5	-87.00	0
64703.1	-86.25	0
64718.8	-85.50	0
64734.4	-84.00	0
64750.0	-83.25	0
64765.6	-81.75	0
64781.2	-80.25	0
64796.9	-78.75	0
64812.5	-77.25	0
64828.1	-75.75	0
64843.8	-74.25	0
64859.4	-72.75	0
64875.0	-70.50	0
64890.6	-69.00	0
64906.2	-66.75	0
64921.9	-64.50	0
64937.5	-63.00	0
64953.1	-60.75	0
64968.8	-58.50	0
64984.4	-56.25	0
65000.0	-54.00	0
65015.6	-51.75	0
65031.2	-48.75	0
65046.9	-46.50	0
65062.5	-44.25	0
65078.1	-41.25	0
65093.8	-39.00	0
65109.4	-36.75	0
65125.0	-33.75	0
65140.6	-30.75	0
65156.2	-28.50	0
65171.9	-25.50	0
65187.5	-22.50	0
65203.1	-20.25	0
65218.8	-17.25	0
65234.4	-14.25	0
65250.0	-11.25	0
65265.6	-9.00	0
65281.2	-5.25	0
65296.9	-3.00	0
65312.5	0.00	0
65328.1	3.00	0
65343.8	6.00	0
65359.4	9.00	0
65375.0	12.00	0
65390.6	14.25	0
65406.2	17.25	0
65421.9	20.25	0
65437.5	23.25	0
65453.1	26.25	0
65468.8	28.50	0
65484.4	31.50	0
65500.0	33.75	0
65515.6	36.75	0
65531.2	39.00	0
65546.9	42.00	0
65562.5	45.00	0
65578.1	47.25	0
65593.8	49.50	0
65609.4	51.75	0
65625.0	54.00	0
65640.6	57.00	0
65656.2	58.50	0
65671.9	60.75	0
65687.5	63.75	0
65703.1	65.25	0
65718.8	67.50	0
65734.4	69.75	0
65750.0	71.25	0
65765.6	73.50	0
65781.2	75.00	0
65796.9	76.50	0
65812.5	78.00	0
65828.1	79.50	0
65843.8	81.00	0
65859.4	81.75	0
65875.0	83.25	0
65890.6	84.75	0
65906.2	85.50	0
65921.9	86.25	0
65937.5	87.75	0
65953.1	88.50	0
65968.8	89.25	0
65984.4	89.25	0
66000.0	90.00	0
66015.6	90.75	0
66031.2	90.75	0
66046.9	91.50	0
66062.5	91.50	0
66078.1	91.50	0
66093.8	91.50	0
66109.4	91.50	0
66125.0	91.50	0
66140.6	91.50	0
66156.2	90.75	0
66171.9	90.00	0
66187.5	90.00	0
66203.1	89.25	0
66218.8	88.50	0
66234.4	87.75	0
66250.0	86.25	0
66265.6	85.50	0
66281.2	84.75	0
66296.9	83.25	0
66312.5	81.75	0
66328.1	80.25	0
66343.8	79.50	0
66359.4	77.25	0
66375.0	75.75	0
66390.6	74.25	0
66406.2	72.75	0
66421.9	70.50	0
66437.5	69.00	0
66453.1	66.75	0
66468.8	64.50	0
66484.4	62.25	0
66500.0	60.00	0
66515.6	58.50	0
66531.2	56.25	0
66546.9	54.00	0
66562.5	51.00	0
66578.1	48.75	0
66593.8	45.75	0
66609.4	43.50	0
66625.0	40.50	0
66640.6	37.50	0
66656.2	35.25	0
66671.9	33.00	0
66687.5	30.00	0
66703.1	27.00	0
66718.8	24.00	0
66734.4	21.00	0
66750.0	18.00	0
66765.6	15.75	0
66781.2	12.00	0
66796.9	9.75	0
66812.5	6.75	0
66828.1	3.75	0
66843.8	0.75	0
66859.4	-3.00	0
66875.0	-6.00	0
66890.6	-9.00	0
66906.2	-12.00	0
66921.9	-14.25	0
66937.5	-18.00	0
66953.1	-20.25	0
66968.8	-23.25	0
66984.4	-26.25	0
67000.0	-28.50	0
67015.6	-31.50	0
67031.2	-34.50	0
67046.9	-36.75	0
67062.5	-39.75	0
67078.1	-42.00	0
67093.8	-45.00	0
67109.4	-47.25	0
67125.0	-49.50	0
67140.6	-52.50	0
67156.2	-54.75	0
67171.9	-57.00	0
67187.5	-59.25	0
67203.1	-61.50	0
67218.8	-63.75	0
67234.4	-66.00	0
67250.0	-67.50	0
67265.6	-69.00	0
67281.2	-71.25	0
67296.9	-72.75	0
67312.5	-75.00	0
67328.1	-76.50	0
67343.8	-78.00	0
67359.4	-79.50	0
67375.0	-81.00	0
67390.6	-82.50	0
67406.2	-84.00	0
67421.9	-84.75	0
67437.5	-85.50	0
67453.1	-87.00	0
67468.8	-87.75	0
67484.4	-88.50	1
67500.0	-89.25	0
67515.6	-90.00	0
67531.2	-90.75	0
67546.9	-91.50	0
67562.5	-91.50	0
67578.1	-92.25	0
67593.8	-92.25	0
67609.4	-92.25	0
67625.0	-92.25	0
67640.6	-92.25	0
67656.2	-92.25	0
67671.9	-92.25	0
67687.5	-91.50	0
67703.1	-91.50	0
67718.8	-90.75	0
67734.4	-90.00	0
67750.0	-90.00	0
67765.6	-89.25	0
67781.2	-88.50	0
67796.9	-87.75	0
67812.5	-86.25	0
67828.1	-85.50	0
67843.8	-84.00	0
67859.4	-83.25	0
67875.0	-81.75	0
67890.6	-80.25	0
67906.2	-78.75	0
67921.9	-77.25	0
67937.5	-75.75	0
67953.1	-74.25	0
67968.8	-72.75	0
67984.4	-71.25	0
68000.0	-69.00	0
68015.6	-66.75	0
68031.2	-65.25	0
68046.9	-63.00	0
68062.5	-60.75	0
68078.1	-58.50	0
68093.8	-56.25	0
68109.4	-54.00	0
68125.0	-51.75	0
68140.6	-49.50	0
68156.2	-46.50	0
68171.9	-44.25	0
68187.5	-42.00	0
68203.1	-39.00	0
68218.8	-36.00	0
68234.4	-34.50	0
68250.0	-31.50	0
68265.6	-28.50	0
68281.2	-26.25	0
68296.9	-23.25	0
68312.5	-20.25	0
68328.1	-17.25	0
68343.8	-15.00	0
68359.4	-11.25	0
68375.0	-9.00	0
68390.6	-6.00	0
68406.2	-3.00	0
68421.9	0.00	0
68437.5	3.00	0
68453.1	5.25	0
68468.8	9.00	0
68484.4	11.25	0
68500.0	14.25	0
68515.6	17.25	0
68531.2	20.25	0
68546.9	22.50	0
68562.5	25.50	0
68578.1	28.50	0
68593.8	30.75	0
68609.4	33.75	0
68625.0	36.75	0
68640.6	39.75	0
68656.2	42.00	0
68671.9	44.25	0
68687.5	46.50	0
68703.1	49.50	0
68718.8	51.75	0
68734.4	54.75	0
68750.0	56.25	0
68765.6	58.50	0
68781.2	60.75	0
68796.9	63.00	0
68812.5	65.25	0
68828.1	67.50	0
68843.8	69.00	0
68859.4	71.25	0
68875.0	72.75	0
68890.6	75.00	0
68906.2	76.50	0
68921.9	78.00	0
68937.5	79.50	0
68953.1	81.00	0
68968.8	81.75	0
68984.4	83.25	0
69000.0	84.75	0
69015.6	85.50	0
69031.2	87.00	0
69046.9	87.75	0
69062.5	88.50	0
69078.1	89.25	0
69093.8	90.00	0
69109.4	90.75	0
69125.0	90.75	0
69140.6	91.50	0
69156.2	91.50	0
69171.9	91.50	0
69187.5	91.50	0
69203.1	91.50	0
69218.8	91.50	0
69234.4	90.75	0
69250.0	90.75	0
69265.6	90.75	0
69281.2	90.00	0
69296.9	89.25	0
69312.5	88.50	0
69328.1	87.75	0
69343.8	87.00	0
69359.4	86.25	0
69375.0	85.50	0
69390.6	84.00	0
69406.2	83.25	0
69421.9	81.75	0
69437.5	80.25	0
69453.1	78.75	0
69468.8	77.25	0
69484.4	75.75	0
69500.0	74.25	0
69515.6	72.00	0
69531.2	70.50	0
69546.9	69.00	0
69562.5	66.75	0
69578.1	64.50	0
69593.8	62.25	0
69609.4	60.00	0
69625.0	58.50	0
69640.6	55.50	0
69656.2	53.25	0
69671.9	51.00	0
69687.5	48.00	0
69703.1	46.50	0
69718.8	43.50	0
69734.4	40.50	0
69750.0	38.25	0
69765.6	35.25	0
69781.2	32.25	0
69796.9	30.00	0
69812.5	26.25	0
69828.1	24.75	0
69843.8	21.00	0
69859.4	18.00	0
69875.0	15.75	0
69890.6	12.75	0
69906.2	9.00	0
69921.9	6.75	0
69937.5	3.75	0
69953.1	0.75	0
69968.8	-3.00	0
69984.4	-5.25	0
70000.0	-8.25	0
70015.6	-11.25	0
70031.2	-14.25	0
70046.9	-17.25	0
70062.5	-19.50	0
70078.1	-22.50	0
70093.8	-25.50	0
70109.4	-28.50	0
70125.0	-30.75	0
70140.6	-33.75	0
70156.2	-36.75	0
70171.9	-39.75	0
70187.5	-42.00	0
70203.1	-44.25	0
70218.8	-47.25	0
70234.4	-49.50	0
70250.0	-51.75	0
70265.6	-54.00	0
70281.2	-57.00	0
70296.9	-58.50	0
70312.5	-60.75	0
70328.1	-63.00	0
70343.8	-65.25	0
70359.4	-67.50	0
70375.0	-69.00	0
70390.6	-71.25	0
70406.2	-72.75	0
70421.9	-74.25	0
70437.5	-76.50	0
70453.1	-78.00	0
70468.8	-79.50	0
70484.4	-81.00	0
70500.0	-82.50	0
70515.6	-83.25	0
70531.2	-84.75	0
70546.9	-86.25	0
70562.5	-87.00	0
70578.1	-87.75	0
70593.8	-88.50	1
70609.4	-90.00	0
70625.0	-90.00	0
70640.6	-90.75	0
70656.2	-91.50	0
70671.9	-92.25	0
70687.5	-92.25	0
70703.1	-92.25	0
70718.8	-93.00	0
70734.4	-93.00	0
70750.0	-93.00	0
70765.6	-93.00	0
70781.2	-93.00	0
70796.9	-93.00	0
70812.5	-92.25	0
70828.1	-92.25	0
70843.8	-91.50	0
70859.4	-90.75	0
70875.0	-90.75	0
70890.6	-89.25	0
70906.2	-88.50	0
70921.9	-87.75	0
70937.5	-87.00	0
70953.1	-85.50	0
70968.8	-84.75	0
70984.4	-83.25	0
71000.0	-81.75	0
71015.6	-80.25	0
71031.2	-78.75	0
71046.9	-77.25	0
71062.5	-75.75	0
71078.1	-74.25	0
71093.8	-72.75	0
71109.4	-70.50	0
71125.0	-69.00	0
71140.6	-66.75	0
71156.2	-64.50	0
71171.9	-62.25	0
71187.5	-60.00	0
71203.1	-57.75	0
71218.8	-55.50	0
71234.4	-53.25	0
71250.0	-51.00	0
71265.6	-48.75	0
71281.2	-45.75	0
71296.9	-43.50	0
71312.5	-40.50	0
71328.1	-38.25	0
71343.8	-36.00	0
71359.4	-32.25	0
71375.0	-30.00	0
71390.6	-27.00	0
71406.2	-24.00	0
71421.9	-21.75	0
71437.5	-18.75	0
71453.1	-16.50	0
71468.8	-13.50	0
71484.4	-10.50	0
71500.0	-7.50	0
71515.6	-4.50	0
71531.2	-1.50	0
71546.9	2.25	0
71562.5	5.25	0
71578.1	7.50	0
71593.8	10.50	0
71609.4	14.25	0
71625.0	16.50	0
71640.6	19.50	0
71656.2	22.50	0
71671.9	25.50	0
71687.5	27.75	0
71703.1	30.75	0
71718.8	33.75	0
71734.4	36.00	0
71750.0	39.00	0
71765.6	41.25	0
71781.2	44.25	0
71796.9	46.50	0
71812.5	49.50	0
71828.1	51.75	0
71843.8	54.00	0
71859.4	56.25	0
71875.0	58.50	0
71890.6	60.75	0
71906.2	63.00	0
71921.9	65.25	0
71937.5	67.50	0
71953.1	69.00	0
71968.8	70.50	0
71984.4	72.75	0
72000.0	74.25	0
72015.6	76.50	0
72031.2	78.00	0
72046.9	79.50	0
72062.5	81.00	0
72078.1	82.50	0
72093.8	83.25	0
72109.4	84.75	0
72125.0	85.50	0
72140.6	87.00	0
72156.2	87.75	0
72171.9	88.50	0
72187.5	89.25	0
72203.1	90.00	0
72218.8	90.75	0
72234.4	90.75	0
72250.0	91.50	0
72265.6	91.50	0
72281.2	92.25	0
72296.9	92.25	0
72312.5	92.25	0
72328.1	92.25	0
72343.8	92.25	0
72359.4	92.25	0
72375.0	91.50	0
72390.6	90.75	0
72406.2	90.75	0
72421.9	90.00	0
72437.5	89.25	0
72453.1	88.50	0
72468.8	87.75	0
72484.4	86.25	0
72500.0	85.50	0
72515.6	84.75	0
72531.2	83.25	0
72546.9	81.75	0
72562.5	80.25	0
72578.1	78.75	0
72593.8	77.25	0
72609.4	75.75	0
72625.0	73.50	0
72640.6	72.00	0
72656.2	70.50	0
72671.9	68.25	0
72687.5	66.00	0
72703.1	64.50	0
72718.8	61.50	0
72734.4	60.00	0
72750.0	57.00	0
72765.6	54.75	0
72781.2	52.50	0
72796.9	50.25	0
72812.5	47.25	0
72828.1	45.00	0
72843.8	42.00	0
72859.4	39.75	0
72875.0	36.75	0
72890.6	34.50	0
72906.2	31.50	0
72921.9	28.50	0
72937.5	26.25	0
72953.1	23.25	0
72968.8	20.25	0
72984.4	17.25	0
73000.0	14.25	0
73015.6	11.25	0
73031.2	8.25	0
73046.9	5.25	0
73062.5	2.25	0
73078.1	-1.50	0
73093.8	-4.50	0
73109.4	-7.50	0
73125.0	-10.50	0
73140.6	-13.50	0
73156.2	-16.50	0
73171.9	-19.50	0
73187.5	-21.75	0
73203.1	-24.75	0
73218.8	-27.75	0
73234.4	-30.00	0
73250.0	-33.00	0
73265.6	-36.00	0
73281.2	-39.00	0
73296.9	-41.25	0
73312.5	-43.50	0
73328.1	-45.75	0
73343.8	-48.75	0
73359.4	-51.75	0
73375.0	-53.25	0
73390.6	-56.25	0
73406.2	-58.50	0
73421.9	-60.00	0
73437.5	-62.25	0
73453.1	-64.50	0
73468.8	-66.75	0
73484.4	-69.00	0
73500.0	-70.50	0
73515.6	-72.75	0
73531.2	-74.25	0
73546.9	-75.75	0
73562.5	-78.00	0
73578.1	-78.75	0
73593.8	-81.00	0
73609.4	-81.75	0
73625.0	-83.25	0
73640.6	-84.75	0
73656.2	-85.50	0
73671.9	-87.00	0
73687.5	-87.75	0
73703.1	-88.50	0
73718.8	-89.25	1
73734.4	-90.00	0
73750.0	-90.75	0
73765.6	-91.50	0
73781.2	-92.25	0
73796.9	-92.25	0
73812.5	-93.00	0
73828.1	-93.00	0
73843.8	-93.00	0
73859.4	-93.00	0
73875.0	-93.00	0
73890.6	-93.00	0
73906.2	-92.25	0
73921.9	-92.25	0
73937.5	-91.50	0
73953.1	-91.50	0
73968.8	-90.75	0
73984.4	-90.00	0
74000.0	-89.25	0
74015.6	-88.50	0
74031.2	-87.75	0
74046.9	-86.25	0
74062.5	-85.50	0
74078.1	-84.75	0
74093.8	-83.25	0
74109.4	-81.75	0
74125.0	-80.25	0
74140.6	-78.75	0
74156.2	-77.25	0
74171.9	-75.75	0
74187.5	-73.50	0
74203.1	-72.00	0
74218.8	-70.50	0
74234.4	-68.25	0
74250.0	-66.75	0
74265.6	-64.50	0
74281.2	-63.00	0
74296.9	-60.00	0
74312.5	-57.75	0
74328.1	-56.25	0
74343.8	-53.25	0
74359.4	-51.00	0
74375.0	-48.75	0
74390.6	-45.75	0
74406.2	-43.50	0
74421.9	-40.50	0
74437.5	-38.25	0
74453.1	-35.25	0
74468.8	-33.00	0
74484.4	-30.75	0
74500.0	-27.75	0
74515.6	-24.75	0
74531.2	-22.50	0
74546.9	-19.50	0
74562.5	-15.75	0
74578.1	-13.50	0
74593.8	-10.50	0
74609.4	-7.50	0
74625.0	-5.25	0
74640.6	-1.50	0
74656.2	1.50	0
74671.9	3.75	0
74687.5	6.75	0
74703.1	9.75	0
74718.8	12.75	0
74734.4	15.75	0
74750.0	18.75	0
74765.6	21.00	0
74781.2	24.00	0
74796.9	27.75	0
74812.5	30.00	0
74828.1	32.25	0
74843.8	35.25	0
74859.4	38.25	0
74875.0	40.50	0
74890.6	43.50	0
74906.2	45.75	0
74921.9	48.00	0
74937.5	51.00	0
74953.1	53.25	0
74968.8	55.50	0
74984.4	57.75	0
75000.0	60.75	0
75015.6	62.25	0
75031.2	64.50	0
75046.9	66.75	0
75062.5	69.00	0
75078.1	70.50	0
75093.8	72.00	0
75109.4	74.25	0
75125.0	75.75	0
75140.6	77.25	0
75156.2	79.50	0
75171.9	81.00	0
75187.5	81.75	0
75203.1	83.25	0
75218.8	84.75	0
75234.4	85.50	0
75250.0	87.00	0
75265.6	87.75	0
75281.2	88.50	0
75296.9	89.25	0
75312.5	90.00	0
75328.1	90.75	0
75343.8	90.75	0
75359.4	91.50	0
75375.0	91.50	0
75390.6	92.25	0
75406.2	92.25	0
75421.9	92.25	0
75437.5	92.25	0
75453.1	92.25	0
75468.8	92.25	0
75484.4	91.50	0
75500.0	91.50	0
75515.6	90.75	0
75531.2	90.00	0
75546.9	90.00	0
75562.5	89.25	0
75578.1	87.75	0
75593.8	87.00	0
75609.4	86.25	0
75625.0	84.75	0
75640.6	83.25	0
75656.2	82.50	0
75671.9	81.00	0
75687.5	79.50	0
75703.1	78.00	0
75718.8	76.50	0
75734.4	74.25	0
75750.0	72.75	0
75765.6	70.50	0
75781.2	69.00	0
75796.9	66.75	0
75812.5	64.50	0
75828.1	62.25	0
75843.8	60.00	0
75859.4	57.75	0
75875.0	55.50	0
75890.6	53.25	0
75906.2	50.25	0
75921.9	48.00	0
75937.5	45.75	0
75953.1	42.75	0
75968.8	40.50	0
75984.4	37.50	0
76000.0	34.50	0
76015.6	31.50	0
76031.2	29.25	0
76046.9	26.25	0
76062.5	23.25	0
76078.1	20.25	0
76093.8	18.00	0
76109.4	14.25	0
76125.0	11.25	0
76140.6	8.25	0
76156.2	6.00	0
76171.9	3.00	0
76187.5	-0.75	0
76203.1	-3.75	0
76218.8	-6.75	0
76234.4	-9.75	0
76250.0	-12.75	0
76265.6	-15.75	0
76281.2	-18.75	0
76296.9	-21.00	0
76312.5	-24.75	0
76328.1	-26.25	0
76343.8	-30.00	0
76359.4	-32.25	0
76375.0	-35.25	0
76390.6	-37.50	0
76406.2	-41.25	0
76421.9	-43.50	0
76437.5	-45.75	0
76453.1	-48.75	0
76468.8	-51.00	0
76484.4	-54.00	0
76500.0	-55.50	0
76515.6	-57.75	0
76531.2	-60.00	0
76546.9	-62.25	0
76562.5	-64.50	0
76578.1	-66.75	0
76593.8	-68.25	0
76609.4	-70.50	0
76625.0	-72.00	0
76640.6	-74.25	0
76656.2	-75.75	0
76671.9	-78.00	0
76687.5	-79.50	0
76703.1	-80.25	0
76718.8	-81.75	0
76734.4	-83.25	0
76750.0	-84.75	0
76765.6	-85.50	0
76781.2	-87.00	0
76796.9	-87.75	0
76812.5	-88.50	0
76828.1	-90.00	1
76843.8	-90.75	0
76859.4	-90.75	0
76875.0	-91.50	0
76890.6	-92.25	0
76906.2	-92.25	0
76921.9	-93.00	0
76937.5	-93.00	0
76953.1	-93.00	0
76968.8	-93.00	0
76984.4	-93.00	0
77000.0	-93.00	0
77015.6	-93.00	0
77031.2	-92.25	0
77046.9	-92.25	0
77062.5	-91.50	0
77078.1	-90.75	0
77093.8	-90.00	0
77109.4	-90.00	0
77125.0	-88.50	0
77140.6	-87.75	0
77156.2	-87.00	0
77171.9	-85.50	0
77187.5	-84.75	0
77203.1	-83.25	0
77218.8	-81.75	0
77234.4	-81.00	0
77250.0	-79.50	0
77265.6	-78.00	0
77281.2	-76.50	0
77296.9	-75.00	0
77312.5	-72.75	0
77328.1	-71.25	0
77343.8	-69.00	0
77359.4	-66.75	0
77375.0	-65.25	0
77390.6	-63.00	0
77406.2	-61.50	0
77421.9	-59.25	0
77437.5	-57.00	0
77453.1	-54.00	0
77468.8	-51.75	0
77484.4	-49.50	0
77500.0	-46.50	0
77515.6	-44.25	0
77531.2	-41.25	0
77546.9	-39.00	0
77562.5	-36.00	0
77578.1	-34.50	0
77593.8	-31.50	0
77609.4	-28.50	0
77625.0	-25.50	0
77640.6	-22.50	0
77656.2	-20.25	0
77671.9	-17.25	0
77687.5	-14.25	0
77703.1	-11.25	0
77718.8	-8.25	0
77734.4	-5.25	0
77750.0	-2.25	0
77765.6	0.75	0
77781.2	3.00	0
77796.9	6.00	0
77812.5	9.00	0
77828.1	12.00	0
77843.8	15.00	0
77859.4	18.00	0
77875.0	21.00	0
77890.6	23.25	0
77906.2	26.25	0
77921.9	29.25	0
77937.5	32.25	0
77953.1	34.50	0
77968.8	36.75	0
77984.4	39.75	0
78000.0	42.75	0
78015.6	45.00	0
78031.2	47.25	0
78046.9	50.25	0
78062.5	52.50	0
78078.1	54.75	0
78093.8	57.75	0
78109.4	59.25	0
78125.0	61.50	0
78140.6	63.75	0
78156.2	66.00	0
78171.9	67.50	0
78187.5	69.75	0
78203.1	71.25	0
78218.8	73.50	0
78234.4	75.00	0
78250.0	77.25	0
78265.6	78.75	0
78281.2	79.50	0
78296.9	81.00	0
78312.5	82.50	0
78328.1	84.00	0
78343.8	84.75	0
78359.4	86.25	0
78375.0	87.00	0
78390.6	87.75	0
78406.2	88.50	0
78421.9	89.25	0
78437.5	90.00	0
78453.1	90.75	0
78468.8	90.75	0
78484.4	91.50	0
78500.0	91.50	0
78515.6	91.50	0
78531.2	92.25	0
78546.9	92.25	0
78562.5	92.25	0
78578.1	92.25	0
78593.8	91.50	0
78609.4	91.50	0
78625.0	90.75	0
78640.6	90.00	0
78656.2	89.25	0
78671.9	88.50	0
