53187.5	-16.50	0
53203.1	-16.50	0
53218.8	-16.50	0
53234.4	-16.50	0
53250.0	-16.50	0
53265.6	-16.50	0
53281.2	-16.50	0
53296.9	-16.50	0
53312.5	-16.50	0
53328.1	-16.50	0
53343.8	-16.50	0
53359.4	-16.50	0
53375.0	-16.50	0
53390.6	-16.50	0
53406.2	-16.50	0
53421.9	-16.50	0
53437.5	-16.50	0
53453.1	-16.50	0
53468.8	-16.50	0
53484.4	-16.50	0
53500.0	-15.75	0
53515.6	-15.75	0
53531.2	-15.75	0
53546.9	-15.75	0
53562.5	-15.75	0
53578.1	-15.75	0
53593.8	-15.75	0
53609.4	-15.00	0
53625.0	-15.00	0
53640.6	-15.00	0
53656.2	-15.00	0
53671.9	-15.00	0
53687.5	-14.25	0
53703.1	-14.25	0
53718.8	-14.25	0
53734.4	-14.25	0
53750.0	-13.50	0
53765.6	-13.50	0
53781.2	-13.50	0
53796.9	-12.75	0
53812.5	-12.75	0
53828.1	-12.75	0
53843.8	-12.75	0
53859.4	-12.00	0
53875.0	-12.00	0
53890.6	-12.00	0
53906.2	-11.25	0
53921.9	-11.25	0
53937.5	-10.50	0
53953.1	-10.50	0
53968.8	-10.50	0
53984.4	-9.75	0
54000.0	-9.75	0
54015.6	-9.75	0
54031.2	-9.00	0
54046.9	-9.00	0
54062.5	-8.25	0
54078.1	-8.25	0
54093.8	-7.50	0
54109.4	-7.50	0
54125.0	-6.75	0
54140.6	-6.75	0
54156.2	-6.75	0
54171.9	-6.00	0
54187.5	-6.00	0
54203.1	-5.25	0
54218.8	-5.25	0
54234.4	-4.50	0
54250.0	-4.50	0
54265.6	-3.75	0
54281.2	-3.75	0
54296.9	-3.00	0
54312.5	-3.00	0
54328.1	-2.25	0
54343.8	-2.25	0
54359.4	-1.50	0
54375.0	-1.50	0
54390.6	-0.75	0
54406.2	-0.75	0
54421.9	0.00	0
54437.5	0.00	1
54453.1	0.75	0
54468.8	0.75	0
54484.4	1.50	0
54500.0	1.50	0
54515.6	2.25	0
54531.2	2.25	0
54546.9	3.00	0
54562.5	3.75	0
54578.1	3.75	0
54593.8	4.50	0
54609.4	4.50	0
54625.0	5.25	0
54640.6	5.25	0
54656.2	6.00	0
54671.9	6.00	0
54687.5	6.75	0
54703.1	6.75	0
54718.8	7.50	0
54734.4	7.50	0
54750.0	8.25	0
54765.6	8.25	0
54781.2	8.25	0
54796.9	9.00	0
54812.5	9.00	0
54828.1	9.75	0
54843.8	9.75	0
54859.4	10.50	0
54875.0	10.50	0
54890.6	11.25	0
54906.2	11.25	0
54921.9	12.00	0
54937.5	12.00	0
54953.1	12.75	0
54968.8	12.75	0
54984.4	12.75	0
55000.0	13.50	0
55015.6	13.50	0
55031.2	14.25	0
55046.9	14.25	0
55062.5	14.25	0
55078.1	15.00	0
55093.8	15.00	0
55109.4	15.75	0
55125.0	15.75	0
55140.6	15.75	0
55156.2	16.50	0
55171.9	16.50	0
55187.5	16.50	0
55203.1	17.25	0
55218.8	17.25	0
55234.4	17.25	0
55250.0	18.00	0
55265.6	18.00	0
55281.2	18.00	0
55296.9	18.00	0
55312.5	18.75	0
55328.1	18.75	0
55343.8	18.75	0
55359.4	18.75	0
55375.0	19.50	0
55390.6	19.50	0
55406.2	19.50	0
55421.9	19.50	0
55437.5	20.25	0
55453.1	20.25	0
55468.8	20.25	0
55484.4	20.25	0
55500.0	20.25	0
55515.6	20.25	0
55531.2	21.00	0
55546.9	21.00	0
55562.5	21.00	0
55578.1	21.00	0
55593.8	21.00	0
55609.4	21.00	0
55625.0	21.00	0
55640.6	21.00	0
55656.2	21.00	0
55671.9	21.00	0
55687.5	21.00	0
55703.1	21.00	0
55718.8	21.00	0
55734.4	21.00	0
55750.0	21.00	0
55765.6	21.00	0
55781.2	21.00	0
55796.9	21.00	0
55812.5	21.00	0
55828.1	21.00	0
55843.8	21.00	0
55859.4	21.00	0
55875.0	21.00	0
55890.6	20.25	0
55906.2	20.25	0
55921.9	20.25	0
55937.5	20.25	0
55953.1	20.25	0
55968.8	20.25	0
55984.4	20.25	0
56000.0	19.50	0
56015.6	19.50	0
56031.2	19.50	0
56046.9	19.50	0
56062.5	19.50	0
56078.1	18.75	0
56093.8	18.75	0
56109.4	18.75	0
56125.0	18.75	0
56140.6	18.00	0
56156.2	18.00	0
56171.9	18.00	0
56187.5	18.00	0
56203.1	17.25	0
56218.8	17.25	0
56234.4	17.25	0
56250.0	16.50	0
56265.6	16.50	0
56281.2	16.50	0
56296.9	15.75	0
56312.5	15.75	0
56328.1	15.00	0
56343.8	15.00	0
56359.4	15.00	0
56375.0	14.25	0
56390.6	14.25	0
56406.2	13.50	0
56421.9	13.50	0
56437.5	13.50	0
56453.1	12.75	0
56468.8	12.75	0
56484.4	12.00	0
56500.0	12.00	0
56515.6	11.25	0
56531.2	11.25	0
56546.9	10.50	0
56562.5	10.50	0
56578.1	9.75	0
56593.8	9.75	0
56609.4	9.00	0
56625.0	9.00	0
56640.6	8.25	0
56656.2	8.25	0
56671.9	7.50	0
56687.5	7.50	0
56703.1	6.75	0
56718.8	6.75	0
56734.4	6.00	0
56750.0	5.25	0
56765.6	5.25	0
56781.2	4.50	0
56796.9	4.50	0
56812.5	3.75	0
56828.1	3.75	0
56843.8	3.00	0
56859.4	3.00	0
56875.0	2.25	0
56890.6	1.50	0
56906.2	1.50	0
56921.9	0.75	0
56937.5	0.75	0
56953.1	0.00	0
56968.8	0.00	0
56984.4	-0.75	0
57000.0	-0.75	0
57015.6	-1.50	0
57031.2	-2.25	0
57046.9	-2.25	0
57062.5	-3.00	0
57078.1	-3.00	0
57093.8	-3.75	0
57109.4	-3.75	0
57125.0	-4.50	0
57140.6	-4.50	0
57156.2	-5.25	0
57171.9	-5.25	0
57187.5	-6.00	0
57203.1	-6.75	0
57218.8	-6.75	0
57234.4	-7.50	0
57250.0	-7.50	0
57265.6	-7.50	0
57281.2	-8.25	0
57296.9	-8.25	0
57312.5	-9.00	0
57328.1	-9.00	0
57343.8	-9.75	0
57359.4	-9.75	0
57375.0	-10.50	0
57390.6	-10.50	0
57406.2	-11.25	0
57421.9	-11.25	0
57437.5	-11.25	0
57453.1	-12.00	0
57468.8	-12.00	0
57484.4	-12.75	0
57500.0	-12.75	0
57515.6	-12.75	0
57531.2	-13.50	0
57546.9	-13.50	0
57562.5	-13.50	0
57578.1	-14.25	0
57593.8	-14.25	0
57609.4	-14.25	0
57625.0	-15.00	0
57640.6	-15.00	0
57656.2	-15.00	0
57671.9	-15.00	0
57687.5	-15.75	0
57703.1	-15.75	0
57718.8	-15.75	0
57734.4	-15.75	0
57750.0	-16.50	0
57765.6	-16.50	0
57781.2	-16.50	0
57796.9	-16.50	0
57812.5	-16.50	0
57828.1	-16.50	0
57843.8	-17.25	0
57859.4	-17.25	0
57875.0	-17.25	0
57890.6	-17.25	0
57906.2	-17.25	0
57921.9	-17.25	0
57937.5	-17.25	0
57953.1	-17.25	0
57968.8	-17.25	0
57984.4	-17.25	0
58000.0	-17.25	0
58015.6	-17.25	0
58031.2	-17.25	0
58046.9	-17.25	0
58062.5	-17.25	0
58078.1	-17.25	0
58093.8	-16.50	0
58109.4	-16.50	0
58125.0	-16.50	0
58140.6	-16.50	0
58156.2	-16.50	0
58171.9	-16.50	0
58187.5	-16.50	0
58203.1	-16.50	0
58218.8	-16.50	0
58234.4	-15.75	0
58250.0	-15.75	0
58265.6	-15.75	0
58281.2	-15.75	0
58296.9	-15.75	0
58312.5	-15.00	0
58328.1	-15.00	0
58343.8	-15.00	0
58359.4	-15.00	0
58375.0	-14.25	0
58390.6	-14.25	0
58406.2	-14.25	0
58421.9	-14.25	0
58437.5	-13.50	0
58453.1	-13.50	0
58468.8	-13.50	0
58484.4	-12.75	0
58500.0	-12.75	0
58515.6	-12.75	0
58531.2	-12.00	0
58546.9	-12.00	0
58562.5	-12.00	0
58578.1	-11.25	0
58593.8	-11.25	0
58609.4	-11.25	0
58625.0	-10.50	0
58640.6	-10.50	0
58656.2	-9.75	0
58671.9	-9.75	0
58687.5	-9.75	0
58703.1	-9.00	0
58718.8	-9.00	0
58734.4	-8.25	0
58750.0	-8.25	0
58765.6	-7.50	0
58781.2	-7.50	0
58796.9	-7.50	0
58812.5	-6.75	0
58828.1	-6.75	0
58843.8	-6.00	0
58859.4	-6.00	0
58875.0	-5.25	0
58890.6	-5.25	0
58906.2	-4.50	0
58921.9	-4.50	0
58937.5	-3.75	0
58953.1	-3.75	0
58968.8	-3.00	0
58984.4	-3.00	0
59000.0	-2.25	0
59015.6	-2.25	0
59031.2	-1.50	0
59046.9	-1.50	0
59062.5	-0.75	0
59078.1	-0.75	0
59093.8	0.00	0
59109.4	0.00	0
59125.0	0.75	0
59140.6	0.75	0
59156.2	0.75	0
59171.9	1.50	1
59187.5	1.50	0
59203.1	2.25	0
59218.8	2.25	0
59234.4	3.00	0
59250.0	3.00	0
59265.6	3.75	0
59281.2	3.75	0
59296.9	4.50	0
59312.5	4.50	0
59328.1	5.25	0
59343.8	5.25	0
59359.4	6.00	0
59375.0	6.00	0
59390.6	6.75	0
59406.2	6.75	0
59421.9	7.50	0
59437.5	7.50	0
59453.1	7.50	0
59468.8	8.25	0
59484.4	8.25	0
59500.0	9.00	0
59515.6	9.00	0
59531.2	9.75	0
59546.9	9.75	0
59562.5	9.75	0
59578.1	10.50	0
59593.8	10.50	0
59609.4	11.25	0
59625.0	11.25	0
59640.6	11.25	0
59656.2	12.00	0
59671.9	12.00	0
59687.5	12.75	0
59703.1	12.75	0
59718.8	12.75	0
59734.4	13.50	0
59750.0	13.50	0
59765.6	13.50	0
59781.2	14.25	0
59796.9	14.25	0
59812.5	14.25	0
59828.1	15.00	0
59843.8	15.00	0
59859.4	15.00	0
59875.0	15.75	0
59890.6	15.75	0
59906.2	15.75	0
59921.9	15.75	0
59937.5	16.50	0
59953.1	16.50	0
59968.8	16.50	0
59984.4	17.25	0
60000.0	17.25	0
60015.6	17.25	0
60031.2	17.25	0
60046.9	17.25	0
60062.5	18.00	0
60078.1	18.00	0
60093.8	18.00	0
60109.4	18.00	0
60125.0	18.75	0
60140.6	18.75	0
60156.2	18.75	0
60171.9	18.75	0
60187.5	18.75	0
60203.1	18.75	0
60218.8	18.75	0
60234.4	19.50	0
60250.0	19.50	0
60265.6	19.50	0
60281.2	19.50	0
60296.9	19.50	0
60312.5	19.50	0
60328.1	19.50	0
60343.8	19.50	0
60359.4	19.50	0
60375.0	19.50	0
60390.6	20.25	0
60406.2	20.25	0
60421.9	20.25	0
60437.5	20.25	0
60453.1	20.25	0
60468.8	20.25	0
60484.4	20.25	0
60500.0	20.25	0
60515.6	20.25	0
60531.2	20.25	0
60546.9	20.25	0
60562.5	20.25	0
60578.1	20.25	0
60593.8	20.25	0
60609.4	20.25	0
60625.0	20.25	0
60640.6	20.25	0
60656.2	20.25	0
60671.9	20.25	0
60687.5	19.50	0
60703.1	19.50	0
60718.8	19.50	0
60734.4	19.50	0
60750.0	19.50	0
60765.6	19.50	0
60781.2	19.50	0
60796.9	18.75	0
60812.5	18.75	0
60828.1	18.75	0
60843.8	18.75	0
60859.4	18.75	0
60875.0	18.00	0
60890.6	18.00	0
60906.2	18.00	0
60921.9	18.00	0
60937.5	17.25	0
60953.1	17.25	0
60968.8	17.25	0
60984.4	17.25	0
61000.0	16.50	0
61015.6	16.50	0
61031.2	16.50	0
61046.9	16.50	0
61062.5	15.75	0
61078.1	15.75	0
61093.8	15.75	0
61109.4	15.00	0
61125.0	15.00	0
61140.6	15.00	0
61156.2	14.25	0
61171.9	14.25	0
61187.5	13.50	0
61203.1	13.50	0
61218.8	13.50	0
61234.4	12.75	0
61250.0	12.75	0
61265.6	12.00	0
61281.2	12.00	0
61296.9	12.00	0
61312.5	11.25	0
61328.1	11.25	0
61343.8	10.50	0
61359.4	10.50	0
61375.0	9.75	0
61390.6	9.75	0
61406.2	9.00	0
61421.9	9.00	0
61437.5	8.25	0
61453.1	8.25	0
61468.8	7.50	0
61484.4	7.50	0
61500.0	6.75	0
61515.6	6.75	0
61531.2	6.00	0
61546.9	6.00	0
61562.5	5.25	0
61578.1	5.25	0
61593.8	4.50	0
61609.4	4.50	0
61625.0	3.75	0
61640.6	3.75	0
61656.2	3.00	0
61671.9	3.00	0
61687.5	2.25	0
61703.1	2.25	0
61718.8	1.50	0
61734.4	1.50	0
61750.0	0.75	0
61781.2	-0.75	0
61796.9	-1.50	0
61812.5	-1.50	0
61828.1	-2.25	0
61843.8	-2.25	0
61859.4	-3.00	0
61875.0	-3.00	0
61890.6	-3.75	0
61906.2	-3.75	0
61921.9	-4.50	0
61937.5	-4.50	0
61953.1	-5.25	0
61968.8	-5.25	0
61984.4	-6.00	0
62000.0	-6.00	0
62015.6	-6.75	0
62031.2	-6.75	0
62046.9	-7.50	0
62062.5	-7.50	0
62078.1	-8.25	0
62093.8	-8.25	0
62109.4	-9.00	0
62125.0	-9.00	0
62140.6	-9.75	0
62156.2	-9.75	0
62171.9	-10.50	0
62187.5	-10.50	0
62203.1	-10.50	0
62218.8	-11.25	0
62234.4	-11.25	0
62250.0	-12.00	0
62265.6	-12.00	0
62281.2	-12.00	0
62296.9	-12.75	0
62312.5	-12.75	0
62328.1	-13.50	0
62343.8	-13.50	0
62359.4	-13.50	0
62375.0	-14.25	0
62390.6	-14.25	0
62406.2	-14.25	0
62421.9	-15.00	0
62437.5	-15.00	0
62453.1	-15.00	0
62468.8	-15.00	0
62484.4	-15.75	0
62500.0	-15.75	0
62515.6	-15.75	0
62531.2	-15.75	0
62546.9	-16.50	0
62562.5	-16.50	0
62578.1	-16.50	0
62593.8	-16.50	0
62609.4	-16.50	0
62625.0	-17.25	0
62640.6	-17.25	0
62656.2	-17.25	0
62671.9	-17.25	0
62687.5	-17.25	0
62703.1	-17.25	0
62718.8	-17.25	0
62734.4	-17.25	0
62750.0	-17.25	0
62765.6	-18.00	0
62781.2	-18.00	0
62796.9	-18.00	0
62812.5	-18.00	0
62828.1	-18.00	0
62843.8	-18.00	0
62859.4	-18.00	0
62875.0	-18.00	0
62890.6	-18.00	0
62906.2	-18.00	0
62921.9	-18.00	0
62937.5	-18.00	0
62953.1	-18.00	0
62968.8	-18.00	0
62984.4	-17.25	0
63000.0	-17.25	0
63015.6	-17.25	0
63031.2	-17.25	0
63046.9	-17.25	0
63062.5	-17.25	0
63078.1	-16.50	0
63093.8	-16.50	0
63109.4	-16.50	0
63125.0	-16.50	0
63140.6	-16.50	0
63156.2	-15.75	0
63171.9	-15.75	0
63187.5	-15.75	0
63203.1	-15.00	0
63218.8	-15.00	0
63234.4	-15.00	0
63250.0	-14.25	0
63265.6	-14.25	0
63281.2	-14.25	0
63296.9	-14.25	0
63312.5	-13.50	0
63328.1	-13.50	0
63343.8	-12.75	0
63359.4	-12.75	0
63375.0	-12.75	0
63390.6	-12.00	0
63406.2	-12.00	0
63421.9	-11.25	0
63437.5	-11.25	0
63453.1	-11.25	0
63468.8	-10.50	0
63484.4	-10.50	0
63500.0	-9.75	0
63515.6	-9.75	0
63531.2	-9.00	0
63546.9	-9.00	0
63562.5	-8.25	0
63578.1	-8.25	0
63593.8	-7.50	0
63609.4	-7.50	0
63625.0	-6.75	0
63640.6	-6.75	0
63656.2	-6.00	0
63671.9	-6.00	0
63687.5	-5.25	0
63703.1	-5.25	0
63718.8	-4.50	0
63734.4	-4.50	0
63750.0	-3.75	0
63765.6	-3.75	0
63781.2	-3.00	0
63796.9	-3.00	0
63812.5	-2.25	0
63828.1	-2.25	0
63843.8	-1.50	0
63859.4	-1.50	0
63875.0	-0.75	0
63890.6	0.75	0
63906.2	0.75	1
63921.9	1.50	0
63937.5	1.50	0
63953.1	2.25	0
63968.8	2.25	0
63984.4	3.00	0
64000.0	3.00	0
64015.6	3.75	0
64031.2	3.75	0
64046.9	4.50	0
64062.5	5.25	0
64078.1	5.25	0
64093.8	6.00	0
64109.4	6.00	0
64125.0	6.75	0
64140.6	6.75	0
64156.2	7.50	0
64171.9	7.50	0
64187.5	8.25	0
64203.1	8.25	0
64218.8	9.00	0
64234.4	9.00	0
64250.0	9.75	0
64265.6	9.75	0
64281.2	10.50	0
64296.9	10.50	0
64312.5	10.50	0
64328.1	11.25	0
64343.8	11.25	0
64359.4	12.00	0
64375.0	12.00	0
64390.6	12.75	0
64406.2	12.75	0
64421.9	13.50	0
64437.5	13.50	0
64453.1	13.50	0
64468.8	14.25	0
64484.4	14.25	0
64500.0	15.00	0
64515.6	15.00	0
64531.2	15.00	0
64546.9	15.75	0
64562.5	15.75	0
64578.1	15.75	0
64593.8	16.50	0
64609.4	16.50	0
64625.0	16.50	0
64640.6	17.25	0
64656.2	17.25	0
64671.9	17.25	0
64687.5	18.00	0
64703.1	18.00	0
64718.8	18.00	0
64734.4	18.00	0
64750.0	18.75	0
64765.6	18.75	0
64781.2	18.75	0
64796.9	18.75	0
64812.5	19.50	0
64828.1	19.50	0
64843.8	19.50	0
64859.4	19.50	0
64875.0	19.50	0
64890.6	20.25	0
64906.2	20.25	0
64921.9	20.25	0
64937.5	20.25	0
64953.1	20.25	0
64968.8	20.25	0
64984.4	20.25	0
65000.0	21.00	0
65015.6	21.00	0
65031.2	21.00	0
65046.9	21.00	0
65062.5	21.00	0
65078.1	21.00	0
65093.8	21.00	0
65109.4	21.00	0
65125.0	21.00	0
65140.6	21.00	0
65156.2	21.00	0
65171.9	21.00	0
65187.5	21.00	0
65203.1	21.00	0
65218.8	21.00	0
65234.4	21.00	0
65250.0	20.25	0
65265.6	20.25	0
65281.2	20.25	0
65296.9	20.25	0
65312.5	20.25	0
65328.1	20.25	0
65343.8	20.25	0
65359.4	20.25	0
65375.0	20.25	0
65390.6	20.25	0
65406.2	19.50	0
65421.9	19.50	0
65437.5	19.50	0
65453.1	19.50	0
65468.8	19.50	0
65484.4	18.75	0
65500.0	18.75	0
65515.6	18.75	0
65531.2	18.75	0
65546.9	18.75	0
65562.5	18.00	0
65578.1	18.00	0
65593.8	18.00	0
65609.4	18.00	0
65625.0	17.25	0
65640.6	17.25	0
65656.2	17.25	0
65671.9	16.50	0
65687.5	16.50	0
65703.1	16.50	0
65718.8	15.75	0
65734.4	15.75	0
65750.0	15.75	0
65765.6	15.00	0
65781.2	15.00	0
65796.9	15.00	0
65812.5	14.25	0
65828.1	14.25	0
65843.8	13.50	0
65859.4	13.50	0
65875.0	13.50	0
65890.6	12.75	0
65906.2	12.75	0
65921.9	12.00	0
65937.5	12.00	0
65953.1	12.00	0
65968.8	11.25	0
65984.4	11.25	0
66000.0	10.50	0
66015.6	10.50	0
66031.2	9.75	0
66046.9	9.75	0
66062.5	9.00	0
66078.1	9.00	0
66093.8	8.25	0
66109.4	8.25	0
66125.0	7.50	0
66140.6	7.50	0
66156.2	6.75	0
66171.9	6.75	0
66187.5	6.00	0
66203.1	6.00	0
66218.8	5.25	0
66234.4	5.25	0
66250.0	4.50	0
66265.6	4.50	0
66281.2	3.75	0
66296.9	3.75	0
66312.5	3.00	0
66328.1	3.00	0
66343.8	2.25	0
66359.4	2.25	0
66375.0	1.50	0
66390.6	0.75	0
66406.2	0.75	0
66421.9	0.00	0
66437.5	0.00	0
66453.1	-0.75	0
66468.8	-0.75	0
66484.4	-1.50	0
66500.0	-1.50	0
66515.6	-2.25	0
66531.2	-2.25	0
66546.9	-3.00	0
66562.5	-3.00	0
66578.1	-3.75	0
66593.8	-3.75	0
66609.4	-4.50	0
66625.0	-4.50	0
66640.6	-5.25	0
66656.2	-5.25	0
66671.9	-6.00	0
66687.5	-6.00	0
66703.1	-6.75	0
66718.8	-6.75	0
66734.4	-7.50	0
66750.0	-7.50	0
66765.6	-8.25	0
66781.2	-8.25	0
66796.9	-9.00	0
66812.5	-9.00	0
66828.1	-9.75	0
66843.8	-9.75	0
66859.4	-9.75	0
66875.0	-10.50	0
66890.6	-10.50	0
66906.2	-11.25	0
66921.9	-11.25	0
66937.5	-12.00	0
66953.1	-12.00	0
66968.8	-12.00	0
66984.4	-12.75	0
67000.0	-12.75	0
67015.6	-12.75	0
67031.2	-13.50	0
67046.9	-13.50	0
67062.5	-13.50	0
67078.1	-14.25	0
67093.8	-14.25	0
67109.4	-14.25	0
67125.0	-15.00	0
67140.6	-15.00	0
67156.2	-15.00	0
67171.9	-15.00	0
67187.5	-15.75	0
67203.1	-15.75	0
67218.8	-15.75	0
67234.4	-15.75	0
67250.0	-15.75	0
67265.6	-16.50	0
67281.2	-16.50	0
67296.9	-16.50	0
67312.5	-16.50	0
67328.1	-16.50	0
67343.8	-16.50	0
67359.4	-16.50	0
67375.0	-17.25	0
67390.6	-17.25	0
67406.2	-17.25	0
67421.9	-17.25	0
67437.5	-17.25	0
67453.1	-17.25	0
67468.8	-17.25	0
67484.4	-17.25	0
67500.0	-17.25	0
67515.6	-17.25	0
67531.2	-17.25	0
67546.9	-17.25	0
67562.5	-17.25	0
67578.1	-17.25	0
67593.8	-17.25	0
67609.4	-17.25	0
67625.0	-17.25	0
67640.6	-17.25	0
67656.2	-17.25	0
67671.9	-17.25	0
67687.5	-17.25	0
67703.1	-17.25	0
67718.8	-16.50	0
67734.4	-16.50	0
67750.0	-16.50	0
67765.6	-16.50	0
67781.2	-16.50	0
67796.9	-15.75	0
67812.5	-15.75	0
67828.1	-15.75	0
67843.8	-15.75	0
67859.4	-15.75	0
67875.0	-15.00	0
67890.6	-15.00	0
67906.2	-15.00	0
67921.9	-14.25	0
67937.5	-14.25	0
67953.1	-14.25	0
67968.8	-14.25	0
67984.4	-13.50	0
68000.0	-13.50	0
68015.6	-12.75	0
68031.2	-12.75	0
68046.9	-12.75	0
68062.5	-12.00	0
68078.1	-12.00	0
68093.8	-12.00	0
68109.4	-11.25	0
68125.0	-11.25	0
68140.6	-10.50	0
68156.2	-10.50	0
68171.9	-10.50	0
68187.5	-9.75	0
68203.1	-9.75	0
68218.8	-9.00	0
68234.4	-9.00	0
68250.0	-8.25	0
68265.6	-8.25	0
68281.2	-8.25	0
68296.9	-7.50	0
68312.5	-7.50	0
68328.1	-6.75	0
68343.8	-6.75	0
68359.4	-6.00	0
68375.0	-6.00	0
68390.6	-5.25	0
68406.2	-5.25	0
68421.9	-4.50	0
68437.5	-4.50	0
68453.1	-3.75	0
68468.8	-3.75	0
68484.4	-3.00	0
68500.0	-3.00	0
68515.6	-2.25	0
68531.2	-2.25	0
68546.9	-1.50	0
68562.5	-1.50	0
68578.1	-0.75	0
68593.8	0.00	0
68609.4	0.75	1
68625.0	0.75	0
68640.6	1.50	0
68656.2	1.50	0
68671.9	2.25	0
68687.5	2.25	0
68703.1	3.00	0
68718.8	3.00	0
68734.4	3.75	0
68750.0	3.75	0
68765.6	4.50	0
68781.2	4.50	0
68796.9	5.25	0
68812.5	5.25	0
68828.1	6.00	0
68843.8	6.00	0
68859.4	6.75	0
68875.0	6.75	0
68890.6	7.50	0
68906.2	7.50	0
68921.9	8.25	0
68937.5	8.25	0
68953.1	9.00	0
68968.8	9.00	0
68984.4	9.75	0
69000.0	9.75	0
69015.6	10.50	0
69031.2	10.50	0
69046.9	10.50	0
69062.5	11.25	0
69078.1	11.25	0
69093.8	12.00	0
69109.4	12.00	0
69125.0	12.75	0
69140.6	12.75	0
69156.2	12.75	0
69171.9	13.50	0
69187.5	13.50	0
69203.1	14.25	0
69218.8	14.25	0
69234.4	14.25	0
69250.0	15.00	0
69265.6	15.00	0
69281.2	15.00	0
69296.9	15.75	0
69312.5	15.75	0
69328.1	15.75	0
69343.8	16.50	0
69359.4	16.50	0
69375.0	16.50	0
69390.6	17.25	0
69406.2	17.25	0
69421.9	17.25	0
69437.5	18.00	0
69453.1	18.00	0
69468.8	18.00	0
69484.4	18.00	0
69500.0	18.75	0
69515.6	18.75	0
69531.2	18.75	0
69546.9	18.75	0
69562.5	18.75	0
69578.1	19.50	0
69593.8	19.50	0
69609.4	19.50	0
69625.0	19.50	0
69640.6	19.50	0
69656.2	20.25	0
69671.9	20.25	0
69687.5	20.25	0
69703.1	20.25	0
69718.8	20.25	0
69734.4	20.25	0
69750.0	20.25	0
69765.6	20.25	0
69781.2	21.00	0
69796.9	21.00	0
69812.5	21.00	0
69828.1	21.00	0
69843.8	21.00	0
69859.4	21.00	0
69875.0	21.00	0
69890.6	21.00	0
69906.2	21.00	0
69921.9	21.00	0
69937.5	21.00	0
69953.1	21.00	0
69968.8	21.00	0
69984.4	21.00	0
70000.0	21.00	0
70015.6	21.00	0
70031.2	21.00	0
70046.9	21.00	0
70062.5	21.00	0
70078.1	21.00	0
70093.8	21.00	0
70109.4	21.00	0
70125.0	20.25	0
70140.6	20.25	0
70156.2	20.25	0
70171.9	20.25	0
70187.5	20.25	0
70203.1	20.25	0
70218.8	19.50	0
70234.4	19.50	0
70250.0	19.50	0
70265.6	19.50	0
70281.2	19.50	0
70296.9	18.75	0
70312.5	18.75	0
70328.1	18.75	0
70343.8	18.75	0
70359.4	18.00	0
70375.0	18.00	0
70390.6	18.00	0
70406.2	17.25	0
70421.9	17.25	0
70437.5	17.25	0
70453.1	16.50	0
70468.8	16.50	0
70484.4	16.50	0
70500.0	15.75	0
70515.6	15.75	0
70531.2	15.75	0
70546.9	15.00	0
70562.5	15.00	0
70578.1	15.00	0
70593.8	14.25	0
70609.4	14.25	0
70625.0	13.50	0
70640.6	13.50	0
70656.2	12.75	0
70671.9	12.75	0
70687.5	12.75	0
70703.1	12.00	0
70718.8	12.00	0
70734.4	11.25	0
70750.0	11.25	0
70765.6	10.50	0
70781.2	10.50	0
70796.9	9.75	0
70812.5	9.75	0
70828.1	9.00	0
70843.8	9.00	0
70859.4	8.25	0
70875.0	8.25	0
70890.6	7.50	0
70906.2	7.50	0
70921.9	6.75	0
70937.5	6.75	0
70953.1	6.00	0
70968.8	6.00	0
70984.4	5.25	0
71000.0	5.25	0
71015.6	4.50	0
71031.2	4.50	0
71046.9	3.75	0
71062.5	3.75	0
71078.1	3.00	0
71093.8	2.25	0
71109.4	2.25	0
71125.0	1.50	0
71140.6	1.50	0
71156.2	0.75	0
71171.9	0.00	0
71187.5	-0.75	0
71203.1	-0.75	0
71218.8	-1.50	0
71234.4	-1.50	0
71250.0	-2.25	0
71265.6	-2.25	0
71281.2	-3.00	0
71296.9	-3.00	0
71312.5	-3.75	0
71328.1	-4.50	0
71343.8	-4.50	0
71359.4	-5.25	0
71375.0	-5.25	0
71390.6	-6.00	0
71406.2	-6.00	0
71421.9	-6.75	0
71437.5	-6.75	0
71453.1	-6.75	0
71468.8	-7.50	0
71484.4	-7.50	0
71500.0	-8.25	0
71515.6	-8.25	0
71531.2	-9.00	0
71546.9	-9.00	0
71562.5	-9.75	0
71578.1	-9.75	0
71593.8	-10.50	0
71609.4	-10.50	0
71625.0	-10.50	0
71640.6	-11.25	0
71656.2	-11.25	0
71671.9	-12.00	0
71687.5	-12.00	0
71703.1	-12.00	0
71718.8	-12.75	0
71734.4	-12.75	0
71750.0	-12.75	0
71765.6	-13.50	0
71781.2	-13.50	0
71796.9	-13.50	0
71812.5	-14.25	0
71828.1	-14.25	0
71843.8	-14.25	0
71859.4	-15.00	0
71875.0	-15.00	0
71890.6	-15.00	0
71906.2	-15.00	0
71921.9	-15.75	0
71937.5	-15.75	0
71953.1	-15.75	0
71968.8	-15.75	0
71984.4	-15.75	0
72000.0	-16.50	0
72015.6	-16.50	0
72031.2	-16.50	0
72046.9	-16.50	0
72062.5	-16.50	0
72078.1	-16.50	0
72093.8	-16.50	0
72109.4	-16.50	0
72125.0	-17.25	0
72140.6	-17.25	0
72156.2	-17.25	0
72171.9	-17.25	0
72187.5	-17.25	0
72203.1	-17.25	0
72218.8	-17.25	0
72234.4	-17.25	0
72250.0	-17.25	0
72265.6	-17.25	0
72281.2	-17.25	0
72296.9	-17.25	0
72312.5	-17.25	0
72328.1	-17.25	0
72343.8	-17.25	0
72359.4	-17.25	0
72375.0	-17.25	0
72390.6	-17.25	0
72406.2	-17.25	0
72421.9	-16.50	0
72437.5	-16.50	0
72453.1	-16.50	0
72468.8	-16.50	0
72484.4	-16.50	0
72500.0	-16.50	0
72515.6	-15.75	0
72531.2	-15.75	0
72546.9	-15.75	0
72562.5	-15.75	0
72578.1	-15.75	0
72593.8	-15.00	0
72609.4	-15.00	0
72625.0	-15.00	0
72640.6	-14.25	0
72656.2	-14.25	0
72671.9	-14.25	0
72687.5	-14.25	0
72703.1	-13.50	0
72718.8	-13.50	0
72734.4	-13.50	0
72750.0	-12.75	0
72765.6	-12.75	0
72781.2	-12.75	0
72796.9	-12.00	0
72812.5	-12.00	0
72828.1	-12.00	0
72843.8	-11.25	0
72859.4	-11.25	0
72875.0	-10.50	0
72890.6	-10.50	0
72906.2	-10.50	0
72921.9	-9.75	0
72937.5	-9.75	0
72953.1	-9.00	0
72968.8	-9.00	0
72984.4	-8.25	0
73000.0	-8.25	0
73015.6	-8.25	0
73031.2	-7.50	0
73046.9	-7.50	0
73062.5	-6.75	0
73078.1	-6.75	0
73093.8	-6.00	0
73109.4	-6.00	0
73125.0	-5.25	0
73140.6	-5.25	0
73156.2	-4.50	0
73171.9	-4.50	0
73187.5	-3.75	0
73203.1	-3.75	0
73218.8	-3.00	0
73234.4	-3.00	0
73250.0	-3.00	0
73265.6	-2.25	0
73281.2	-2.25	0
73296.9	-1.50	0
73312.5	-1.50	0
73328.1	-0.75	0
73343.8	0.00	0
73359.4	0.75	1
73375.0	0.75	0
73390.6	1.50	0
73406.2	1.50	0
73421.9	2.25	0
73437.5	2.25	0
73453.1	3.00	0
73468.8	3.00	0
73484.4	3.75	0
73500.0	3.75	0
73515.6	4.50	0
73531.2	4.50	0
73546.9	5.25	0
73562.5	5.25	0
73578.1	6.00	0
73593.8	6.00	0
73609.4	6.75	0
73625.0	6.75	0
73640.6	7.50	0
73656.2	7.50	0
73671.9	8.25	0
73687.5	8.25	0
73703.1	8.25	0
73718.8	9.00	0
73734.4	9.00	0
73750.0	9.75	0
73765.6	9.75	0
73781.2	10.50	0
73796.9	10.50	0
73812.5	10.50	0
73828.1	11.25	0
73843.8	11.25	0
73859.4	12.00	0
73875.0	12.00	0
73890.6	12.00	0
73906.2	12.75	0
73921.9	12.75	0
73937.5	13.50	0
73953.1	13.50	0
73968.8	13.50	0
73984.4	14.25	0
74000.0	14.25	0
74015.6	14.25	0
74031.2	15.00	0
74046.9	15.00	0
74062.5	15.00	0
74078.1	15.75	0
74093.8	15.75	0
74109.4	15.75	0
74125.0	16.50	0
74140.6	16.50	0
74156.2	16.50	0
74171.9	16.50	0
74187.5	17.25	0
74203.1	17.25	0
74218.8	17.25	0
74234.4	18.00	0
74250.0	18.00	0
74265.6	18.00	0
74281.2	18.00	0
74296.9	18.00	0
74312.5	18.75	0
74328.1	18.75	0
74343.8	18.75	0
74359.4	18.75	0
74375.0	18.75	0
74390.6	19.50	0
74406.2	19.50	0
74421.9	19.50	0
74437.5	19.50	0
74453.1	19.50	0
74468.8	19.50	0
74484.4	19.50	0
74500.0	19.50	0
74515.6	20.25	0
74531.2	20.25	0
74546.9	20.25	0
74562.5	20.25	0
74578.1	20.25	0
74593.8	20.25	0
74609.4	20.25	0
74625.0	20.25	0
74640.6	20.25	0
74656.2	20.25	0
74671.9	20.25	0
74687.5	20.25	0
74703.1	20.25	0
74718.8	20.25	0
74734.4	20.25	0
74750.0	20.25	0
74765.6	20.25	0
74781.2	19.50	0
74796.9	19.50	0
74812.5	19.50	0
74828.1	19.50	0
74843.8	19.50	0
74859.4	19.50	0
74875.0	19.50	0
74890.6	19.50	0
74906.2	19.50	0
74921.9	19.50	0
74937.5	18.75	0
74953.1	18.75	0
74968.8	18.75	0
74984.4	18.75	0
75000.0	18.75	0
75015.6	18.75	0
75031.2	18.00	0
75046.9	18.00	0
75062.5	18.00	0
75078.1	18.00	0
75093.8	18.00	0
75109.4	17.25	0
75125.0	17.25	0
75140.6	17.25	0
75156.2	17.25	0
75171.9	16.50	0
75187.5	16.50	0
75203.1	16.50	0
75218.8	15.75	0
75234.4	15.75	0
75250.0	15.75	0
75265.6	15.00	0
75281.2	15.00	0
75296.9	15.00	0
75312.5	14.25	0
75328.1	14.25	0
75343.8	14.25	0
75359.4	13.50	0
75375.0	13.50	0
75390.6	13.50	0
75406.2	12.75	0
75421.9	12.75	0
75437.5	12.00	0
75453.1	12.00	0
75468.8	12.00	0
75484.4	11.25	0
75500.0	11.25	0
75515.6	10.50	0
75531.2	10.50	0
75546.9	9.75	0
75562.5	9.75	0
75578.1	9.00	0
75593.8	9.00	0
75609.4	9.00	0
75625.0	8.25	0
75640.6	8.25	0
75656.2	7.50	0
75671.9	7.50	0
75687.5	6.75	0
75703.1	6.75	0
75718.8	6.00	0
75734.4	6.00	0
75750.0	5.25	0
75765.6	5.25	0
75781.2	4.50	0
75796.9	4.50	0
75812.5	3.75	0
75828.1	3.75	0
75843.8	3.00	0
75859.4	3.00	0
75875.0	2.25	0
75890.6	2.25	0
75906.2	1.50	0
75921.9	1.50	0
75937.5	0.75	0
75953.1	0.75	0
75968.8	0.00	0
76000.0	-0.75	0
76015.6	-1.50	0
76031.2	-1.50	0
76046.9	-2.25	0
76062.5	-2.25	0
76078.1	-3.00	0
76093.8	-3.00	0
76109.4	-3.75	0
76125.0	-3.75	0
76140.6	-4.50	0
76156.2	-4.50	0
76171.9	-5.25	0
76187.5	-5.25	0
76203.1	-6.00	0
76218.8	-6.00	0
76234.4	-6.75	0
76250.0	-6.75	0
76265.6	-7.50	0
76281.2	-7.50	0
76296.9	-7.50	0
76312.5	-8.25	0
76328.1	-8.25	0
76343.8	-9.00	0
76359.4	-9.00	0
76375.0	-9.75	0
76390.6	-9.75	0
76406.2	-10.50	0
76421.9	-10.50	0
76437.5	-10.50	0
76453.1	-11.25	0
76468.8	-11.25	0
76484.4	-11.25	0
76500.0	-12.00	0
76515.6	-12.00	0
76531.2	-12.75	0
76546.9	-12.75	0
76562.5	-12.75	0
76578.1	-13.50	0
76593.8	-13.50	0
76609.4	-13.50	0
76625.0	-14.25	0
76640.6	-14.25	0
76656.2	-14.25	0
76671.9	-14.25	0
76687.5	-15.00	0
76703.1	-15.00	0
76718.8	-15.00	0
76734.4	-15.00	0
76750.0	-15.75	0
76765.6	-15.75	0
76781.2	-15.75	0
76796.9	-15.75	0
76812.5	-15.75	0
76828.1	-15.75	0
76843.8	-16.50	0
76859.4	-16.50	0
76875.0	-16.50	0
76890.6	-16.50	0
76906.2	-16.50	0
76921.9	-16.50	0
76937.5	-16.50	0
76953.1	-16.50	0
76968.8	-16.50	0
76984.4	-17.25	0
77000.0	-17.25	0
77015.6	-17.25	0
77031.2	-17.25	0
77046.9	-17.25	0
77062.5	-17.25	0
77078.1	-17.25	0
77093.8	-17.25	0
77109.4	-17.25	0
77125.0	-17.25	0
77140.6	-17.25	0
77156.2	-17.25	0
77171.9	-17.25	0
77187.5	-17.25	0
77203.1	-17.25	0
77218.8	-16.50	0
77234.4	-16.50	0
77250.0	-16.50	0
77265.6	-16.50	0
77281.2	-16.50	0
77296.9	-16.50	0
77312.5	-16.50	0
77328.1	-15.75	0
77343.8	-15.75	0
77359.4	-15.75	0
77375.0	-15.75	0
77390.6	-15.00	0
77406.2	-15.00	0
77421.9	-15.00	0
77437.5	-15.00	0
77453.1	-14.25	0
77468.8	-14.25	0
77484.4	-14.25	0
77500.0	-14.25	0
77515.6	-13.50	0
77531.2	-13.50	0
77546.9	-13.50	0
77562.5	-12.75	0
77578.1	-12.75	0
77593.8	-12.75	0
77609.4	-12.00	0
77625.0	-12.00	0
77640.6	-12.00	0
77656.2	-11.25	0
77671.9	-11.25	0
77687.5	-10.50	0
77703.1	-10.50	0
77718.8	-10.50	0
77734.4	-9.75	0
77750.0	-9.75	0
77765.6	-9.00	0
77781.2	-9.00	0
77796.9	-8.25	0
77812.5	-8.25	0
77828.1	-8.25	0
77843.8	-7.50	0
77859.4	-7.50	0
77875.0	-6.75	0
77890.6	-6.75	0
77906.2	-6.00	0
77921.9	-6.00	0
77937.5	-5.25	0
77953.1	-5.25	0
77968.8	-4.50	0
77984.4	-4.50	0
78000.0	-3.75	0
78015.6	-3.75	0
78031.2	-3.00	0
78046.9	-3.00	0
78062.5	-2.25	0
78078.1	-2.25	0
78093.8	-1.50	0
78109.4	-1.50	0
78125.0	-0.75	0
78140.6	-0.75	0
78156.2	0.75	0
78171.9	0.75	1
78187.5	1.50	0
78203.1	1.50	0
78218.8	2.25	0
78234.4	2.25	0
78250.0	3.00	0
78265.6	3.00	0
78281.2	3.75	0
78296.9	3.75	0
78312.5	4.50	0
78328.1	4.50	0
78343.8	5.25	0
78359.4	5.25	0
78375.0	5.25	0
78390.6	6.00	0
78406.2	6.00	0
78421.9	6.75	0
78437.5	6.75	0
78453.1	7.50	0
78468.8	7.50	0
78484.4	8.25	0
78500.0	8.25	0
78515.6	9.00	0
78531.2	9.00	0
78546.9	9.75	0
78562.5	9.75	0
78578.1	9.75	0
78593.8	10.50	0
78609.4	10.50	0
78625.0	11.25	0
78640.6	11.25	0
78656.2	12.00	0
78671.9	12.00	0
78687.5	12.00	0
78703.1	12.75	0
78718.8	12.75	0
78734.4	13.50	0
78750.0	13.50	0
78765.6	13.50	0
78781.2	14.25	0
78796.9	14.25	0
78812.5	14.25	0
78828.1	15.00	0
78843.8	15.00	0
78859.4	15.00	0
78875.0	15.75	0
78890.6	15.75	0
78906.2	15.75	0
78921.9	16.50	0
78937.5	16.50	0
78953.1	16.50	0
78968.8	17.25	0
78984.4	17.25	0
79000.0	17.25	0
79015.6	17.25	0
79031.2	18.00	0
79046.9	18.00	0
79062.5	18.00	0
79078.1	18.00	0
79093.8	18.75	0
79109.4	18.75	0
79125.0	18.75	0
79140.6	18.75	0
79156.2	18.75	0
79171.9	19.50	0
79187.5	19.50	0
79203.1	19.50	0
79218.8	19.50	0
79234.4	19.50	0
79250.0	19.50	0
79265.6	20.25	0
79281.2	20.25	0
79296.9	20.25	0
79312.5	20.25	0
79328.1	20.25	0
79343.8	20.25	0
79359.4	20.25	0
79375.0	20.25	0
79390.6	20.25	0
79406.2	20.25	0
79421.9	20.25	0
79437.5	20.25	0
79453.1	20.25	0
79468.8	20.25	0
79484.4	20.25	0
79500.0	20.25	0
79515.6	20.25	0
79531.2	20.25	0
79546.9	20.25	0
79562.5	20.25	0
79578.1	20.25	0
79593.8	20.25	0
79609.4	20.25	0
79625.0	20.25	0
79640.6	19.50	0
79656.2	19.50	0
79671.9	19.50	0
79687.5	19.50	0
79703.1	19.50	0
79718.8	19.50	0
79734.4	19.50	0
79750.0	19.50	0
79765.6	18.75	0
79781.2	18.75	0
79796.9	18.75	0
79812.5	18.75	0
79828.1	18.75	0
79843.8	18.00	0
79859.4	18.00	0
79875.0	18.00	0
79890.6	18.00	0
79906.2	18.00	0
79921.9	17.25	0
79937.5	17.25	0
79953.1	17.25	0
79968.8	16.50	0
79984.4	16.50	0
80000.0	16.50	0
80015.6	16.50	0
80031.2	15.75	0
80046.9	15.75	0
80062.5	15.75	0
80078.1	15.00	0
80093.8	15.00	0
80109.4	15.00	0
80125.0	14.25	0
80140.6	14.25	0
80156.2	14.25	0
80171.9	13.50	0
80187.5	13.50	0
80203.1	12.75	0
80218.8	12.75	0
80234.4	12.75	0
80250.0	12.00	0
80265.6	12.00	0
80281.2	11.25	0
80296.9	11.25	0
80312.5	10.50	0
80328.1	10.50	0
80343.8	10.50	0
80359.4	9.75	0
80375.0	9.75	0
80390.6	9.00	0
80406.2	9.00	0
80421.9	8.25	0
80437.5	8.25	0
80453.1	7.50	0
80468.8	7.50	0
80484.4	6.75	0
80500.0	6.75	0
80515.6	6.00	0
80531.2	6.00	0
80546.9	5.25	0
80562.5	5.25	0
80578.1	4.50	0
80593.8	4.50	0
80609.4	3.75	0
80625.0	3.75	0
80640.6	3.00	0
80656.2	3.00	0
80671.9	2.25	0
80687.5	2.25	0
80703.1	1.50	0
80718.8	1.50	0
80734.4	0.75	0
80750.0	0.75	0
80765.6	0.00	0
80781.2	0.00	0
80796.9	-0.75	0
80812.5	-0.75	0
80828.1	-1.50	0
80843.8	-1.50	0
80859.4	-2.25	0
80875.0	-2.25	0
80890.6	-3.00	0
80906.2	-3.00	0
80921.9	-3.75	0
80937.5	-3.75	0
80953.1	-4.50	0
80968.8	-4.50	0
80984.4	-5.25	0
81000.0	-5.25	0
81015.6	-6.00	0
81031.2	-6.00	0
81046.9	-6.75	0
81062.5	-6.75	0
81078.1	-7.50	0
81093.8	-7.50	0
81109.4	-8.25	0
81125.0	-8.25	0
81140.6	-8.25	0
81156.2	-9.00	0
81171.9	-9.00	0
81187.5	-9.75	0
81203.1	-9.75	0
81218.8	-10.50	0
81234.4	-10.50	0
81250.0	-10.50	0
81265.6	-11.25	0
81281.2	-11.25	0
81296.9	-12.00	0
81312.5	-12.00	0
81328.1	-12.00	0
81343.8	-12.75	0
81359.4	-12.75	0
81375.0	-12.75	0
81390.6	-13.50	0
81406.2	-13.50	0
81421.9	-13.50	0
81437.5	-13.50	0
81453.1	-14.25	0
81468.8	-14.25	0
81484.4	-14.25	0
81500.0	-14.25	0
81515.6	-15.00	0
81531.2	-15.00	0
81546.9	-15.00	0
81562.5	-15.00	0
81578.1	-15.75	0
81593.8	-15.75	0
81609.4	-15.75	0
81625.0	-15.75	0
81640.6	-15.75	0
81656.2	-15.75	0
81671.9	-16.50	0
81687.5	-16.50	0
81703.1	-16.50	0
81718.8	-16.50	0
81734.4	-16.50	0
81750.0	-16.50	0
81765.6	-16.50	0
81781.2	-16.50	0
81796.9	-16.50	0
81812.5	-16.50	0
81828.1	-16.50	0
81843.8	-16.50	0
81859.4	-16.50	0
81875.0	-16.50	0
81890.6	-16.50	0
81906.2	-16.50	0
81921.9	-16.50	0
81937.5	-16.50	0
81953.1	-16.50	0
81968.8	-16.50	0
81984.4	-15.75	0
82000.0	-15.75	0
82015.6	-15.75	0
82031.2	-15.75	0
82046.9	-15.75	0
82062.5	-15.75	0
82078.1	-15.75	0
82093.8	-15.75	0
82109.4	-15.00	0
82125.0	-15.00	0
82140.6	-15.00	0
82156.2	-15.00	0
82171.9	-15.00	0
82187.5	-14.25	0
82203.1	-14.25	0
82218.8	-14.25	0
82234.4	-14.25	0
82250.0	-13.50	0
82265.6	-13.50	0
82281.2	-13.50	0
82296.9	-13.50	0
82312.5	-12.75	0
82328.1	-12.75	0
82343.8	-12.75	0
82359.4	-12.00	0
82375.0	-12.00	0
82390.6	-12.00	0
82406.2	-11.25	0
82421.9	-11.25	0
82437.5	-11.25	0
82453.1	-10.50	0
82468.8	-10.50	0
82484.4	-10.50	0
82500.0	-9.75	0
82515.6	-9.75	0
82531.2	-9.00	0
82546.9	-9.00	0
82562.5	-9.00	0
82578.1	-8.25	0
82593.8	-8.25	0
82609.4	-7.50	0
82625.0	-7.50	0
82640.6	-6.75	0
82656.2	-6.75	0
82671.9	-6.75	0
82687.5	-6.00	0
82703.1	-6.00	0
82718.8	-5.25	0
82734.4	-5.25	0
82750.0	-4.50	0
82765.6	-4.50	0
82781.2	-3.75	0
82796.9	-3.75	0
82812.5	-3.00	0
82828.1	-3.00	0
82843.8	-3.00	0
82859.4	-2.25	0
82875.0	-2.25	0
82890.6	-1.50	0
82906.2	-1.50	0
82921.9	-0.75	0
82937.5	-0.75	0
82953.1	0.00	0
82968.8	0.00	0
82984.4	0.75	1
83000.0	0.75	0
83015.6	1.50	0
83031.2	1.50	0
83046.9	2.25	0
83062.5	2.25	0
83078.1	3.00	0
83093.8	3.00	0
83109.4	3.75	0
83125.0	3.75	0
83140.6	4.50	0
83156.2	4.50	0
83171.9	5.25	0
83187.5	5.25	0
83203.1	6.00	0
83218.8	6.00	0
83234.4	6.75	0
83250.0	6.75	0
83265.6	6.75	0
83281.2	7.50	0
83296.9	7.50	0
83312.5	8.25	0
83328.1	8.25	0
83343.8	9.00	0
83359.4	9.00	0
83375.0	9.75	0
83390.6	9.75	0
83406.2	9.75	0
83421.9	10.50	0
83437.5	10.50	0
83453.1	11.25	0
83468.8	11.25	0
83484.4	12.00	0
83500.0	12.00	0
83515.6	12.00	0
83531.2	12.75	0
83546.9	12.75	0
83562.5	13.50	0
83578.1	13.50	0
83593.8	13.50	0
83609.4	14.25	0
83625.0	14.25	0
83640.6	14.25	0
83656.2	15.00	0
83671.9	15.00	0
83687.5	15.00	0
83703.1	15.75	0
83718.8	15.75	0
83734.4	15.75	0
83750.0	16.50	0
83765.6	16.50	0
83781.2	16.50	0
83796.9	17.25	0
83812.5	17.25	0
83828.1	17.25	0
83843.8	17.25	0
83859.4	18.00	0
83875.0	18.00	0
83890.6	18.00	0
83906.2	18.00	0
83921.9	18.75	0
83937.5	18.75	0
83953.1	18.75	0
83968.8	18.75	0
83984.4	18.75	0
84000.0	19.50	0
84015.6	19.50	0
84031.2	19.50	0
84046.9	19.50	0
84062.5	19.50	0
84078.1	19.50	0
84093.8	20.25	0
84109.4	20.25	0
84125.0	20.25	0
84140.6	20.25	0
84156.2	20.25	0
84171.9	20.25	0
84187.5	20.25	0
84203.1	20.25	0
84218.8	20.25	0
84234.4	20.25	0
84250.0	20.25	0
84265.6	21.00	0
84281.2	21.00	0
84296.9	21.00	0
84312.5	21.00	0
84328.1	21.00	0
84343.8	21.00	0
84359.4	21.00	0
84375.0	21.00	0
84390.6	21.00	0
84406.2	21.00	0
84421.9	21.00	0
84437.5	21.00	0
84453.1	21.00	0
84468.8	21.00	0
84484.4	21.00	0
84500.0	20.25	0
84515.6	20.25	0
84531.2	20.25	0
84546.9	20.25	0
84562.5	20.25	0
84578.1	20.25	0
84593.8	20.25	0
84609.4	19.50	0
84625.0	19.50	0
84640.6	19.50	0
84656.2	19.50	0
84671.9	19.50	0
84687.5	18.75	0
84703.1	18.75	0
84718.8	18.75	0
84734.4	18.75	0
84750.0	18.00	0
84765.6	18.00	0
84781.2	18.00	0
84796.9	17.25	0
84812.5	17.25	0
84828.1	17.25	0
84843.8	17.25	0
84859.4	16.50	0
84875.0	16.50	0
84890.6	16.50	0
84906.2	15.75	0
84921.9	15.75	0
84937.5	15.75	0
84953.1	15.00	0
84968.8	15.00	0
84984.4	14.25	0
85000.0	14.25	0
85015.6	14.25	0
85031.2	13.50	0
85046.9	13.50	0
85062.5	12.75	0
85078.1	12.75	0
85093.8	12.00	0
85109.4	12.00	0
85125.0	12.00	0
85140.6	11.25	0
85156.2	11.25	0
85171.9	10.50	0
85187.5	10.50	0
85203.1	9.75	0
85218.8	9.75	0
85234.4	9.00	0
85250.0	9.00	0
85265.6	8.25	0
85281.2	8.25	0
85296.9	7.50	0
85312.5	7.50	0
85328.1	6.75	0
85343.8	6.75	0
85359.4	6.00	0
85375.0	6.00	0
85390.6	5.25	0
85406.2	5.25	0
85421.9	4.50	0
85437.5	4.50	0
85453.1	3.75	0
85468.8	3.00	0
85484.4	3.00	0
85500.0	2.25	0
85515.6	2.25	0
85531.2	1.50	0
85546.9	1.50	0
85562.5	0.75	0
85578.1	0.00	0
85593.8	-0.75	0
85609.4	-0.75	0
85625.0	-1.50	0
85640.6	-1.50	0
85656.2	-2.25	0
85671.9	-2.25	0
85687.5	-3.00	0
85703.1	-3.00	0
85718.8	-3.75	0
85734.4	-4.50	0
85750.0	-4.50	0
85765.6	-5.25	0
85781.2	-5.25	0
85796.9	-6.00	0
85812.5	-6.00	0
85828.1	-6.75	0
85843.8	-6.75	0
85859.4	-6.75	0
85875.0	-7.50	0
85890.6	-7.50	0
85906.2	-8.25	0
85921.9	-8.25	0
85937.5	-9.00	0
85953.1	-9.00	0
85968.8	-9.75	0
85984.4	-9.75	0
86000.0	-10.50	0
86015.6	-10.50	0
86031.2	-10.50	0
86046.9	-11.25	0
86062.5	-11.25	0
86078.1	-12.00	0
86093.8	-12.00	0
86109.4	-12.00	0
86125.0	-12.75	0
86140.6	-12.75	0
86156.2	-12.75	0
86171.9	-13.50	0
86187.5	-13.50	0
86203.1	-13.50	0
86218.8	-14.25	0
86234.4	-14.25	0
86250.0	-14.25	0
86265.6	-14.25	0
86281.2	-15.00	0
86296.9	-15.00	0
86312.5	-15.00	0
86328.1	-15.00	0
86343.8	-15.75	0
86359.4	-15.75	0
86375.0	-15.75	0
86390.6	-15.75	0
86406.2	-15.75	0
86421.9	-16.50	0
86437.5	-16.50	0
86453.1	-16.50	0
86468.8	-16.50	0
86484.4	-16.50	0
86500.0	-16.50	0
86515.6	-16.50	0
86531.2	-16.50	0
86546.9	-17.25	0
86562.5	-17.25	0
86578.1	-17.25	0
86593.8	-17.25	0
86609.4	-17.25	0
86625.0	-17.25	0
86640.6	-17.25	0
86656.2	-17.25	0
86671.9	-17.25	0
86687.5	-17.25	0
86703.1	-17.25	0
86718.8	-17.25	0
86734.4	-17.25	0
86750.0	-17.25	0
86765.6	-17.25	0
86781.2	-17.25	0
86796.9	-17.25	0
86812.5	-16.50	0
86828.1	-16.50	0
86843.8	-16.50	0
86859.4	-16.50	0
86875.0	-16.50	0
86890.6	-16.50	0
86906.2	-16.50	0
86921.9	-15.75	0
86937.5	-15.75	0
86953.1	-15.75	0
86968.8	-15.75	0
86984.4	-15.00	0
87000.0	-15.00	0
87015.6	-15.00	0
87031.2	-15.00	0
87046.9	-14.25	0
87062.5	-14.25	0
87078.1	-14.25	0
87093.8	-14.25	0
87109.4	-13.50	0
87125.0	-13.50	0
87140.6	-13.50	0
87156.2	-12.75	0
87171.9	-12.75	0
87187.5	-12.75	0
87203.1	-12.00	0
87218.8	-12.00	0
87234.4	-11.25	0
87250.0	-11.25	0
87265.6	-11.25	0
87281.2	-10.50	0
87296.9	-10.50	0
87312.5	-9.75	0
87328.1	-9.75	0
87343.8	-9.75	0
87359.4	-9.00	0
87375.0	-9.00	0
87390.6	-8.25	0
87406.2	-8.25	0
87421.9	-8.25	0
87437.5	-7.50	0
87453.1	-7.50	0
87468.8	-6.75	0
87484.4	-6.75	0
87500.0	-6.00	0
87515.6	-6.00	0
87531.2	-5.25	0
87546.9	-5.25	0
87562.5	-4.50	0
87578.1	-4.50	0
87593.8	-3.75	0
87609.4	-3.75	0
87625.0	-3.00	0
87640.6	-3.00	0
87656.2	-3.00	0
87671.9	-2.25	0
87687.5	-2.25	0
87703.1	-1.50	0
87718.8	-1.50	0
87734.4	-0.75	0
87750.0	0.00	0
87765.6	0.75	0
87781.2	0.75	1
87796.9	1.50	0
87812.5	1.50	0
87828.1	2.25	0
87843.8	2.25	0
87859.4	3.00	0
87875.0	3.00	0
87890.6	3.75	0
87906.2	3.75	0
87921.9	4.50	0
87937.5	4.50	0
87953.1	5.25	0
87968.8	5.25	0
87984.4	6.00	0
88000.0	6.00	0
88015.6	6.75	0
88031.2	6.75	0
88046.9	6.75	0
88062.5	7.50	0
88078.1	7.50	0
88093.8	8.25	0
88109.4	8.25	0
88125.0	9.00	0
88140.6	9.00	0
88156.2	9.75	0
88171.9	9.75	0
88187.5	9.75	0
88203.1	10.50	0
88218.8	10.50	0
88234.4	11.25	0
88250.0	11.25	0
88265.6	11.25	0
88281.2	12.00	0
88296.9	12.00	0
88312.5	12.75	0
88328.1	12.75	0
88343.8	12.75	0
88359.4	13.50	0
88375.0	13.50	0
88390.6	14.25	0
88406.2	14.25	0
88421.9	14.25	0
88437.5	15.00	0
88453.1	15.00	0
88468.8	15.00	0
88484.4	15.75	0
88500.0	15.75	0
88515.6	15.75	0
88531.2	15.75	0
88546.9	16.50	0
88562.5	16.50	0
88578.1	16.50	0
88593.8	17.25	0
88609.4	17.25	0
88625.0	17.25	0
88640.6	17.25	0
88656.2	18.00	0
88671.9	18.00	0
88687.5	18.00	0
88703.1	18.00	0
88718.8	18.75	0
88734.4	18.75	0
88750.0	18.75	0
88765.6	18.75	0
88781.2	18.75	0
88796.9	18.75	0
88812.5	19.50	0
88828.1	19.50	0
88843.8	19.50	0
88859.4	19.50	0
88875.0	19.50	0
88890.6	19.50	0
88906.2	19.50	0
88921.9	20.25	0
88937.5	20.25	0
88953.1	20.25	0
88968.8	20.25	0
88984.4	20.25	0
89000.0	20.25	0
89015.6	20.25	0
89031.2	20.25	0
89046.9	20.25	0
89062.5	20.25	0
89078.1	20.25	0
89093.8	20.25	0
89109.4	20.25	0
89125.0	20.25	0
89140.6	20.25	0
89156.2	20.25	0
89171.9	20.25	0
89187.5	20.25	0
89203.1	19.50	0
89218.8	19.50	0
89234.4	19.50	0
89250.0	19.50	0
89265.6	19.50	0
89281.2	19.50	0
89296.9	19.50	0
89312.5	19.50	0
89328.1	19.50	0
89343.8	19.50	0
89359.4	18.75	0
89375.0	18.75	0
89390.6	18.75	0
89406.2	18.75	0
89421.9	18.75	0
89437.5	18.00	0
89453.1	18.00	0
89468.8	18.00	0
89484.4	18.00	0
89500.0	18.00	0
89515.6	17.25	0
89531.2	17.25	0
89546.9	17.25	0
89562.5	17.25	0
89578.1	16.50	0
89593.8	16.50	0
89609.4	16.50	0
89625.0	15.75	0
89640.6	15.75	0
89656.2	15.75	0
89671.9	15.75	0
89687.5	15.00	0
89703.1	15.00	0
89718.8	14.25	0
89734.4	14.25	0
89750.0	14.25	0
89765.6	13.50	0
89781.2	13.50	0
89796.9	13.50	0
89812.5	12.75	0
89828.1	12.75	0
89843.8	12.00	0
89859.4	12.00	0
89875.0	12.00	0
89890.6	11.25	0
89906.2	11.25	0
89921.9	10.50	0
89937.5	10.50	0
89953.1	9.75	0
89968.8	9.75	0
89984.4	9.00	0
90000.0	9.00	0
90015.6	8.25	0
90031.2	8.25	0
90046.9	8.25	0
90062.5	7.50	0
90078.1	6.75	0
90093.8	6.75	0
90109.4	6.75	0
90125.0	6.00	0
90140.6	6.00	0
90156.2	5.25	0
90171.9	5.25	0
90187.5	4.50	0
90203.1	3.75	0
90218.8	3.75	0
90234.4	3.00	0
90250.0	3.00	0
90265.6	2.25	0
90281.2	2.25	0
90296.9	1.50	0
90312.5	1.50	0
90328.1	0.75	0
90343.8	0.75	0
90359.4	0.00	0
90375.0	0.00	0
90390.6	-0.75	0
90406.2	-0.75	0
90421.9	-1.50	0
90437.5	-1.50	0
90453.1	-2.25	0
90468.8	-2.25	0
90484.4	-3.00	0
90500.0	-3.75	0
90515.6	-3.75	0
90531.2	-4.50	0
90546.9	-4.50	0
90562.5	-5.25	0
90578.1	-5.25	0
90593.8	-6.00	0
90609.4	-6.00	0
90625.0	-6.75	0
90640.6	-6.75	0
90656.2	-7.50	0
90671.9	-7.50	0
90687.5	-8.25	0
90703.1	-8.25	0
90718.8	-8.25	0
90734.4	-9.00	0
90750.0	-9.00	0
90765.6	-9.75	0
90781.2	-9.75	0
90796.9	-10.50	0
90812.5	-10.50	0
90828.1	-11.25	0
90843.8	-11.25	0
90859.4	-11.25	0
90875.0	-12.00	0
90890.6	-12.00	0
90906.2	-12.75	0
90921.9	-12.75	0
90937.5	-12.75	0
90953.1	-13.50	0
90968.8	-13.50	0
90984.4	-13.50	0
91000.0	-14.25	0
91015.6	-14.25	0
91031.2	-14.25	0
91046.9	-14.25	0
91062.5	-15.00	0
91078.1	-15.00	0
91093.8	-15.00	0
91109.4	-15.00	0
91125.0	-15.75	0
91140.6	-15.75	0
91156.2	-15.75	0
91171.9	-15.75	0
91187.5	-16.50	0
91203.1	-16.50	0
91218.8	-16.50	0
91234.4	-16.50	0
91250.0	-16.50	0
91265.6	-16.50	0
91281.2	-16.50	0
91296.9	-17.25	0
91312.5	-17.25	0
91328.1	-17.25	0
91343.8	-17.25	0
91359.4	-17.25	0
91375.0	-17.25	0
91390.6	-17.25	0
91406.2	-17.25	0
91421.9	-17.25	0
91437.5	-17.25	0
91453.1	-17.25	0
91468.8	-17.25	0
91484.4	-17.25	0
91500.0	-17.25	0
91515.6	-16.50	0
91531.2	-16.50	0
91546.9	-16.50	0
91562.5	-16.50	0
91578.1	-16.50	0
91593.8	-16.50	0
91609.4	-16.50	0
91625.0	-16.50	0
91640.6	-16.50	0
91656.2	-15.75	0
91671.9	-15.75	0
91687.5	-15.75	0
91703.1	-15.75	0
91718.8	-15.75	0
91734.4	-15.00	0
91750.0	-15.00	0
91765.6	-15.00	0
91781.2	-15.00	0
91796.9	-14.25	0
91812.5	-14.25	0
91828.1	-14.25	0
91843.8	-14.25	0
91859.4	-13.50	0
91875.0	-13.50	0
91890.6	-13.50	0
91906.2	-12.75	0
91921.9	-12.75	0
91937.5	-12.75	0
91953.1	-12.00	0
91968.8	-12.00	0
91984.4	-12.00	0
92000.0	-11.25	0
92015.6	-11.25	0
92031.2	-11.25	0
92046.9	-10.50	0
92062.5	-10.50	0
92078.1	-9.75	0
92093.8	-9.75	0
92109.4	-9.00	0
92125.0	-9.00	0
92140.6	-9.00	0
92156.2	-8.25	0
92171.9	-8.25	0
92187.5	-7.50	0
92203.1	-7.50	0
92218.8	-6.75	0
92234.4	-6.75	0
92250.0	-6.00	0
92265.6	-6.00	0
92281.2	-5.25	0
92296.9	-5.25	0
92312.5	-4.50	0
92328.1	-4.50	0
92343.8	-3.75	0
92359.4	-3.75	0
92375.0	-3.00	0
92390.6	-3.00	0
92406.2	-2.25	0
92421.9	-2.25	0
92437.5	-1.50	0
92453.1	-1.50	0
92468.8	-0.75	0
92484.4	-0.75	0
92500.0	0.00	0
92515.6	0.00	0
92531.2	0.75	0
92546.9	0.75	1
92562.5	1.50	0
92578.1	1.50	0
92593.8	2.25	0
92609.4	2.25	0
92625.0	3.00	0
92640.6	3.00	0
92656.2	3.75	0
92671.9	3.75	0
92687.5	4.50	0
92703.1	4.50	0
92718.8	5.25	0
92734.4	5.25	0
92750.0	6.00	0
92765.6	6.00	0
92781.2	6.75	0
92796.9	6.75	0
92812.5	7.50	0
92828.1	7.50	0
92843.8	8.25	0
92859.4	8.25	0
92875.0	9.00	0
92890.6	9.00	0
92906.2	9.75	0
92921.9	9.75	0
92937.5	10.50	0
92953.1	10.50	0
92968.8	10.50	0
92984.4	11.25	0
93000.0	11.25	0
93015.6	12.00	0
93031.2	12.00	0
93046.9	12.75	0
93062.5	12.75	0
93078.1	12.75	0
93093.8	13.50	0
93109.4	13.50	0
93125.0	14.25	0
93140.6	14.25	0
93156.2	14.25	0
93171.9	15.00	0
93187.5	15.00	0
93203.1	15.00	0
93218.8	15.75	0
93234.4	15.75	0
93250.0	15.75	0
93265.6	16.50	0
93281.2	16.50	0
93296.9	16.50	0
93312.5	17.25	0
93328.1	17.25	0
93343.8	17.25	0
93359.4	17.25	0
93375.0	18.00	0
93390.6	18.00	0
93406.2	18.00	0
93421.9	18.00	0
93437.5	18.75	0
93453.1	18.75	0
93468.8	18.75	0
93484.4	18.75	0
93500.0	19.50	0
93515.6	19.50	0
93531.2	19.50	0
93546.9	19.50	0
93562.5	19.50	0
93578.1	19.50	0
93593.8	20.25	0
93609.4	20.25	0
93625.0	20.25	0
93640.6	20.25	0
93656.2	20.25	0
93671.9	20.25	0
93687.5	20.25	0
93703.1	20.25	0
93718.8	20.25	0
93734.4	20.25	0
93750.0	20.25	0
93765.6	20.25	0
93781.2	21.00	0
93796.9	21.00	0
93812.5	21.00	0
93828.1	21.00	0
93843.8	21.00	0
93859.4	21.00	0
93875.0	21.00	0
93890.6	21.00	0
93906.2	21.00	0
93921.9	21.00	0
93937.5	21.00	0
93953.1	21.00	0
93968.8	21.00	0
93984.4	21.00	0
94000.0	20.25	0
94015.6	20.25	0
94031.2	20.25	0
94046.9	20.25	0
94062.5	20.25	0
94078.1	20.25	0
94093.8	20.25	0
94109.4	20.25	0
94125.0	19.50	0
94140.6	19.50	0
94156.2	19.50	0
94171.9	19.50	0
94187.5	19.50	0
94203.1	18.75	0
94218.8	18.75	0
94234.4	18.75	0
94250.0	18.75	0
94265.6	18.00	0
94281.2	18.00	0
94296.9	18.00	0
94312.5	18.00	0
94328.1	17.25	0
94343.8	17.25	0
94359.4	17.25	0
94375.0	16.50	0
94390.6	16.50	0
94406.2	16.50	0
94421.9	15.75	0
94437.5	15.75	0
94453.1	15.75	0
94468.8	15.00	0
94484.4	15.00	0
94500.0	15.00	0
94515.6	14.25	0
94531.2	14.25	0
94546.9	13.50	0
94562.5	13.50	0
94578.1	13.50	0
94593.8	12.75	0
94609.4	12.75	0
94625.0	12.00	0
94640.6	12.00	0
94656.2	12.00	0
94671.9	11.25	0
94687.5	11.25	0
94703.1	10.50	0
94718.8	10.50	0
94734.4	9.75	0
94750.0	9.75	0
94765.6	9.00	0
94781.2	9.00	0
94796.9	9.00	0
94812.5	8.25	0
94828.1	8.25	0
94843.8	7.50	0
94859.4	7.50	0
94875.0	6.75	0
94890.6	6.75	0
94906.2	6.00	0
94921.9	6.00	0
94937.5	5.25	0
94953.1	5.25	0
94968.8	4.50	0
94984.4	4.50	0
95000.0	3.75	0
95015.6	3.75	0
95031.2	3.00	0
95046.9	3.00	0
95062.5	2.25	0
95078.1	2.25	0
95093.8	1.50	0
95109.4	1.50	0
95125.0	0.75	0
95140.6	-0.75	0
95156.2	-0.75	0
95171.9	-0.75	0
95187.5	-1.50	0
95203.1	-2.25	0
95218.8	-2.25	0
95234.4	-2.25	0
95250.0	-3.00	0
95265.6	-3.75	0
95281.2	-3.75	0
95296.9	-3.75	0
95312.5	-4.50	0
95328.1	-4.50	0
95343.8	-5.25	0
95359.4	-5.25	0
95375.0	-6.00	0
95390.6	-6.00	0
95406.2	-6.75	0
95421.9	-6.75	0
95437.5	-7.50	0
95453.1	-7.50	0
95468.8	-8.25	0
95484.4	-8.25	0
95500.0	-8.25	0
95515.6	-9.00	0
95531.2	-9.00	0
95546.9	-9.75	0
95562.5	-9.75	0
95578.1	-9.75	0
95593.8	-10.50	0
95609.4	-10.50	0
95625.0	-11.25	0
95640.6	-11.25	0
95656.2	-11.25	0
95671.9	-12.00	0
95687.5	-12.00	0
95703.1	-12.00	0
95718.8	-12.75	0
95734.4	-12.75	0
95750.0	-12.75	0
95765.6	-13.50	0
95781.2	-13.50	0
95796.9	-13.50	0
95812.5	-14.25	0
95828.1	-14.25	0
95843.8	-14.25	0
95859.4	-14.25	0
95875.0	-15.00	0
95890.6	-15.00	0
95906.2	-15.00	0
95921.9	-15.00	0
95937.5	-15.00	0
95953.1	-15.75	0
95968.8	-15.75	0
95984.4	-15.75	0
96000.0	-15.75	0
96015.6	-15.75	0
96031.2	-15.75	0
96046.9	-15.75	0
96062.5	-16.50	0
96078.1	-16.50	0
96093.8	-16.50	0
96109.4	-16.50	0
96125.0	-16.50	0
96140.6	-16.50	0
96156.2	-16.50	0
96171.9	-16.50	0
96187.5	-16.50	0
96203.1	-16.50	0
96218.8	-16.50	0
96234.4	-16.50	0
96250.0	-16.50	0
96265.6	-16.50	0
96281.2	-16.50	0
96296.9	-16.50	0
96312.5	-15.75	0
96328.1	-15.75	0
96343.8	-15.75	0
96359.4	-15.75	0
96375.0	-15.75	0
96390.6	-15.75	0
96406.2	-15.75	0
96421.9	-15.75	0
96437.5	-15.75	0
96453.1	-15.00	0
96468.8	-15.00	0
96484.4	-15.00	0
96500.0	-15.00	0
96515.6	-15.00	0
96531.2	-15.00	0
96546.9	-14.25	0
96562.5	-14.25	0
96578.1	-14.25	0
96593.8	-14.25	0
96609.4	-13.50	0
96625.0	-13.50	0
96640.6	-13.50	0
96656.2	-13.50	0
96671.9	-12.75	0
96687.5	-12.75	0
96703.1	-12.75	0
96718.8	-12.00	0
96734.4	-12.00	0
96750.0	-12.00	0
96765.6	-11.25	0
96781.2	-11.25	0
96796.9	-11.25	0
96812.5	-10.50	0
96828.1	-10.50	0
96843.8	-10.50	0
96859.4	-9.75	0
96875.0	-9.75	0
96890.6	-9.00	0
96906.2	-9.00	0
96921.9	-9.00	0
96937.5	-8.25	0
96953.1	-8.25	0
96968.8	-7.50	0
96984.4	-7.50	0
97000.0	-6.75	0
97015.6	-6.75	0
97031.2	-6.75	0
97046.9	-6.00	0
97062.5	-6.00	0
97078.1	-5.25	0
97093.8	-5.25	0
97109.4	-4.50	0
97125.0	-4.50	0
97140.6	-3.75	0
97156.2	-3.75	0
97171.9	-3.00	0
97187.5	-3.00	0
97203.1	-2.25	0
97218.8	-2.25	0
97234.4	-1.50	0
97250.0	-1.50	0
97265.6	-0.75	0
97281.2	-0.75	0
97296.9	0.00	0
97312.5	0.00	1
97328.1	0.75	0
97343.8	0.75	0
97359.4	1.50	0
97375.0	1.50	0
97390.6	2.25	0
97406.2	2.25	0
97421.9	2.25	0
97437.5	3.00	0
97453.1	3.75	0
97468.8	3.75	0
97484.4	3.75	0
97500.0	4.50	0
97515.6	5.25	0
97531.2	5.25	0
97546.9	5.25	0
97562.5	6.00	0
97578.1	6.00	0
97593.8	6.75	0
97609.4	6.75	0
97625.0	7.50	0
97640.6	7.50	0
97656.2	8.25	0
97671.9	8.25	0
97687.5	9.00	0
97703.1	9.00	0
97718.8	9.75	0
97734.4	9.75	0
97750.0	10.50	0
97765.6	10.50	0
97781.2	10.50	0
97796.9	11.25	0
97812.5	11.25	0
97828.1	12.00	0
97843.8	12.00	0
97859.4	12.75	0
97875.0	12.75	0
97890.6	12.75	0
97906.2	13.50	0
97921.9	13.50	0
97937.5	14.25	0
97953.1	14.25	0
97968.8	14.25	0
97984.4	15.00	0
98000.0	15.00	0
98015.6	15.00	0
98031.2	15.75	0
98046.9	15.75	0
98062.5	16.50	0
98078.1	16.50	0
98093.8	16.50	0
98109.4	16.50	0
98125.0	17.25	0
98140.6	17.25	0
98156.2	17.25	0
98171.9	18.00	0
98187.5	18.00	0
98203.1	18.00	0
98218.8	18.75	0
98234.4	18.75	0
98250.0	18.75	0
98265.6	18.75	0
98281.2	19.50	0
98296.9	19.50	0
98312.5	19.50	0
98328.1	19.50	0
98343.8	19.50	0
98359.4	20.25	0
98375.0	20.25	0
98390.6	20.25	0
98406.2	20.25	0
98421.9	20.25	0
98437.5	20.25	0
98453.1	20.25	0
98468.8	21.00	0
98484.4	21.00	0
98500.0	21.00	0
98515.6	21.00	0
98531.2	21.00	0
98546.9	21.00	0
98562.5	21.00	0
98578.1	21.00	0
98593.8	21.00	0
98609.4	21.00	0
98625.0	21.00	0
98640.6	21.00	0
98656.2	21.00	0
98671.9	21.00	0
98687.5	21.00	0
98703.1	21.00	0
98718.8	21.00	0
98734.4	21.00	0
98750.0	21.00	0
98765.6	20.25	0
98781.2	20.25	0
98796.9	20.25	0
98812.5	20.25	0
98828.1	20.25	0
98843.8	20.25	0
98859.4	20.25	0
98875.0	20.25	0
98890.6	20.25	0
98906.2	19.50	0
98921.9	19.50	0
98937.5	19.50	0
98953.1	19.50	0
98968.8	19.50	0
98984.4	18.75	0
99000.0	18.75	0
99015.6	18.75	0
99031.2	18.75	0
99046.9	18.00	0
99062.5	18.00	0
99078.1	18.00	0
99093.8	18.00	0
99109.4	17.25	0
99125.0	17.25	0
99140.6	17.25	0
99156.2	16.50	0
99171.9	16.50	0
99187.5	16.50	0
99203.1	15.75	0
99218.8	15.75	0
99234.4	15.00	0
99250.0	15.00	0
99265.6	15.00	0
99281.2	14.25	0
99296.9	14.25	0
99312.5	13.50	0
99328.1	13.50	0
99343.8	13.50	0
99359.4	12.75	0
99375.0	12.75	0
99390.6	12.00	0
99406.2	12.00	0
99421.9	11.25	0
99437.5	11.25	0
99453.1	10.50	0
99468.8	10.50	0
99484.4	9.75	0
99500.0	9.75	0
99515.6	9.00	0
99531.2	9.00	0
99546.9	8.25	0
99562.5	8.25	0
99578.1	7.50	0
99593.8	7.50	0
99609.4	6.75	0
99625.0	6.75	0
99640.6	6.00	0
99656.2	6.00	0
99671.9	5.25	0
99687.5	5.25	0
99703.1	4.50	0
99718.8	3.75	0
99734.4	3.75	0
99750.0	3.00	0
99765.6	3.00	0
99781.2	2.25	0
99796.9	2.25	0
99812.5	1.50	0
99828.1	1.50	0
99843.8	0.75	0
99859.4	0.00	0
99875.0	0.00	0
99890.6	-0.75	0
99906.2	-0.75	0
99921.9	-1.50	0
99937.5	-1.50	0
99953.1	-2.25	0
99968.8	-2.25	0
99984.4	-3.00	0
100000.0	-3.75	0
100015.6	-3.75	0
100031.2	-4.50	0
100046.9	-4.50	0
100062.5	-5.25	0
100078.1	-5.25	0
100093.8	-6.00	0
100109.4	-6.00	0
100125.0	-6.75	0
100140.6	-6.75	0
100156.2	-7.50	0
100171.9	-7.50	0
100187.5	-8.25	0
100203.1	-8.25	0
100218.8	-9.00	0
100234.4	-9.00	0
100250.0	-9.75	0
100265.6	-9.75	0
100281.2	-9.75	0
100296.9	-10.50	0
100312.5	-10.50	0
100328.1	-11.25	0
100343.8	-11.25	0
100359.4	-12.00	0
100375.0	-12.00	0
100390.6	-12.00	0
100406.2	-12.75	0
100421.9	-12.75	0
100437.5	-12.75	0
100453.1	-13.50	0
100468.8	-13.50	0
100484.4	-13.50	0
100500.0	-14.25	0
100515.6	-14.25	0
100531.2	-14.25	0
100546.9	-15.00	0
100562.5	-15.00	0
100578.1	-15.00	0
100593.8	-15.00	0
100609.4	-15.75	0
100625.0	-15.75	0
100640.6	-15.75	0
100656.2	-15.75	0
100671.9	-15.75	0
100687.5	-16.50	0
100703.1	-16.50	0
100718.8	-16.50	0
100734.4	-16.50	0
100750.0	-16.50	0
100765.6	-16.50	0
100781.2	-16.50	0
100796.9	-17.25	0
100812.5	-17.25	0
100828.1	-17.25	0
100843.8	-17.25	0
100859.4	-17.25	0
100875.0	-17.25	0
100890.6	-17.25	0
100906.2	-17.25	0
100921.9	-17.25	0
100937.5	-17.25	0
100953.1	-17.25	0
100968.8	-17.25	0
100984.4	-17.25	0
101000.0	-17.25	0
101015.6	-17.25	0
101031.2	-17.25	0
101046.9	-17.25	0
101062.5	-17.25	0
101078.1	-17.25	0
101093.8	-17.25	0
101109.4	-17.25	0
101125.0	-16.50	0
101140.6	-16.50	0
101156.2	-16.50	0
101171.9	-16.50	0
101187.5	-16.50	0
101203.1	-16.50	0
101218.8	-15.75	0
101234.4	-15.75	0
101250.0	-15.75	0
101265.6	-15.75	0
101281.2	-15.00	0
101296.9	-15.00	0
101312.5	-15.00	0
101328.1	-15.00	0
101343.8	-14.25	0
101359.4	-14.25	0
101375.0	-14.25	0
101390.6	-13.50	0
101406.2	-13.50	0
101421.9	-13.50	0
101437.5	-12.75	0
101453.1	-12.75	0
101468.8	-12.75	0
101484.4	-12.00	0
101500.0	-12.00	0
101515.6	-12.00	0
101531.2	-11.25	0
101546.9	-11.25	0
101562.5	-11.25	0
101578.1	-10.50	0
101593.8	-10.50	0
101609.4	-9.75	0
101625.0	-9.75	0
101640.6	-9.00	0
101656.2	-9.00	0
101671.9	-9.00	0
101687.5	-8.25	0
101703.1	-8.25	0
101718.8	-7.50	0
101734.4	-7.50	0
101750.0	-6.75	0
101765.6	-6.75	0
101781.2	-6.00	0
101796.9	-6.00	0
101812.5	-6.00	0
101828.1	-5.25	0
101843.8	-5.25	0
101859.4	-4.50	0
101875.0	-4.50	0
101890.6	-3.75	0
101906.2	-3.75	0
101921.9	-3.00	0
101937.5	-3.00	0
101953.1	-2.25	0
101968.8	-2.25	0
101984.4	-1.50	0
102000.0	-1.50	0
102015.6	-0.75	0
102031.2	-0.75	0
102046.9	0.75	0
102062.5	0.75	0
102078.1	1.50	1
102093.8	1.50	0
102109.4	2.25	0
102125.0	2.25	0
102140.6	2.25	0
102156.2	3.00	0
102171.9	3.00	0
102187.5	3.75	0
102203.1	3.75	0
102218.8	4.50	0
102234.4	4.50	0
102250.0	5.25	0
102265.6	5.25	0
102281.2	6.00	0
102296.9	6.00	0
102312.5	6.75	0
102328.1	6.75	0
102343.8	7.50	0
102359.4	7.50	0
102375.0	7.50	0
102390.6	8.25	0
102406.2	8.25	0
102421.9	9.00	0
102437.5	9.00	0
102453.1	9.75	0
102468.8	9.75	0
102484.4	9.75	0
102500.0	10.50	0
102515.6	10.50	0
102531.2	11.25	0
102546.9	11.25	0
102562.5	11.25	0
102578.1	12.00	0
102593.8	12.00	0
102609.4	12.75	0
102625.0	12.75	0
102640.6	12.75	0
102656.2	13.50	0
102671.9	13.50	0
102687.5	13.50	0
102703.1	14.25	0
102718.8	14.25	0
102734.4	14.25	0
102750.0	15.00	0
102765.6	15.00	0
102781.2	15.00	0
102796.9	15.75	0
102812.5	15.75	0
102828.1	15.75	0
102843.8	15.75	0
102859.4	16.50	0
102875.0	16.50	0
102890.6	16.50	0
102906.2	17.25	0
102921.9	17.25	0
102937.5	17.25	0
102953.1	17.25	0
102968.8	17.25	0
102984.4	18.00	0
103000.0	18.00	0
103015.6	18.00	0
103031.2	18.00	0
103046.9	18.00	0
103062.5	18.75	0
103078.1	18.75	0
103093.8	18.75	0
103109.4	18.75	0
103125.0	18.75	0
103140.6	18.75	0
103156.2	19.50	0
103171.9	19.50	0
103187.5	19.50	0
103203.1	19.50	0
103218.8	19.50	0
103234.4	19.50	0
103250.0	19.50	0
103265.6	19.50	0
103281.2	19.50	0
103296.9	19.50	0
103312.5	20.25	0
103328.1	20.25	0
103343.8	20.25	0
103359.4	20.25	0
103375.0	20.25	0
103390.6	20.25	0
103406.2	20.25	0
103421.9	20.25	0
103437.5	20.25	0
103453.1	20.25	0
103468.8	20.25	0
103484.4	20.25	0
103500.0	20.25	0
103515.6	20.25	0
103531.2	20.25	0
103546.9	20.25	0
103562.5	20.25	0
103578.1	20.25	0
103593.8	20.25	0
103609.4	19.50	0
103625.0	19.50	0
103640.6	19.50	0
103656.2	19.50	0
103671.9	19.50	0
103687.5	19.50	0
103703.1	19.50	0
103718.8	18.75	0
103734.4	18.75	0
103750.0	18.75	0
103765.6	18.75	0
103781.2	18.75	0
103796.9	18.00	0
103812.5	18.00	0
103828.1	18.00	0
103843.8	18.00	0
103859.4	18.00	0
103875.0	17.25	0
103890.6	17.25	0
103906.2	17.25	0
103921.9	16.50	0
103937.5	16.50	0
103953.1	16.50	0
103968.8	16.50	0
103984.4	15.75	0
104000.0	15.75	0
104015.6	15.75	0
104031.2	15.00	0
