80781.2	9.00	0
80796.9	8.25	0
80812.5	8.25	0
80828.1	7.50	0
80843.8	6.75	0
80859.4	6.00	0
80875.0	5.25	0
80890.6	4.50	0
80906.2	3.75	0
80921.9	3.00	0
80937.5	2.25	0
80953.1	1.50	0
80968.8	0.75	0
80984.4	-0.75	0
81000.0	-1.50	0
81015.6	-2.25	0
81031.2	-2.25	0
81046.9	-3.00	0
81062.5	-3.75	0
81078.1	-4.50	0
81093.8	-5.25	0
81109.4	-6.00	0
81125.0	-6.75	0
81140.6	-7.50	0
81156.2	-7.50	0
81171.9	-8.25	0
81187.5	-9.00	0
81203.1	-9.75	0
81218.8	-10.50	0
81234.4	-11.25	0
81250.0	-12.00	0
81265.6	-12.00	0
81281.2	-12.75	0
81296.9	-13.50	0
81312.5	-14.25	0
81328.1	-14.25	0
81343.8	-15.00	0
81359.4	-15.75	0
81375.0	-16.50	0
81390.6	-16.50	0
81406.2	-17.25	0
81421.9	-18.00	0
81437.5	-18.00	0
81453.1	-18.75	0
81468.8	-19.50	0
81484.4	-19.50	0
81500.0	-20.25	0
81515.6	-20.25	0
81531.2	-21.00	0
81546.9	-21.00	0
81562.5	-21.75	0
81578.1	-21.75	0
81593.8	-22.50	0
81609.4	-22.50	0
81625.0	-22.50	0
81640.6	-23.25	0
81656.2	-23.25	0
81671.9	-24.00	0
81687.5	-24.00	0
81703.1	-24.00	0
81718.8	-24.00	0
81734.4	-24.75	0
81750.0	-24.75	0
81765.6	-24.75	0
81781.2	-24.75	0
81796.9	-24.75	0
81812.5	-25.50	0
81828.1	-25.50	0
81843.8	-25.50	0
81859.4	-25.50	0
81875.0	-25.50	0
81890.6	-25.50	0
81906.2	-25.50	0
81921.9	-25.50	0
81937.5	-25.50	0
81953.1	-25.50	0
81968.8	-25.50	0
81984.4	-25.50	0
82000.0	-25.50	0
82015.6	-25.50	0
82031.2	-24.75	0
82046.9	-24.75	0
82062.5	-24.75	0
82078.1	-24.75	0
82093.8	-24.75	0
82109.4	-24.00	0
82125.0	-24.00	0
82140.6	-24.00	0
82156.2	-23.25	0
82171.9	-23.25	0
82187.5	-22.50	0
82203.1	-22.50	0
82218.8	-21.75	0
82234.4	-21.75	0
82250.0	-21.00	0
82265.6	-21.00	0
82281.2	-20.25	0
82296.9	-20.25	0
82312.5	-19.50	0
82328.1	-19.50	0
82343.8	-18.75	0
82359.4	-18.75	0
82375.0	-18.00	0
82390.6	-17.25	0
82406.2	-17.25	0
82421.9	-16.50	0
82437.5	-15.75	0
82453.1	-15.75	0
82468.8	-15.00	0
82484.4	-14.25	0
82500.0	-13.50	0
82515.6	-13.50	0
82531.2	-12.75	0
82546.9	-12.00	0
82562.5	-11.25	0
82578.1	-10.50	0
82593.8	-10.50	0
82609.4	-9.75	0
82625.0	-9.00	0
82640.6	-8.25	0
82656.2	-7.50	0
82671.9	-6.75	0
82687.5	-6.75	0
82703.1	-6.00	0
82718.8	-5.25	0
82734.4	-4.50	0
82750.0	-3.75	0
82765.6	-3.00	0
82781.2	-2.25	1
82796.9	-1.50	0
82812.5	-0.75	0
82828.1	0.00	0
82843.8	0.75	0
82859.4	1.50	0
82875.0	2.25	0
82890.6	3.00	0
82906.2	3.75	0
82921.9	4.50	0
82937.5	5.25	0
82953.1	6.00	0
82968.8	6.00	0
82984.4	6.75	0
83000.0	7.50	0
83015.6	8.25	0
83031.2	9.00	0
83046.9	9.75	0
83062.5	10.50	0
83078.1	10.50	0
83093.8	11.25	0
83109.4	12.00	0
83125.0	12.75	0
83140.6	13.50	0
83156.2	14.25	0
83171.9	14.25	0
83187.5	15.00	0
83203.1	15.75	0
83218.8	16.50	0
83234.4	16.50	0
83250.0	17.25	0
83265.6	18.00	0
83281.2	18.75	0
83296.9	18.75	0
83312.5	19.50	0
83328.1	20.25	0
83343.8	20.25	0
83359.4	21.00	0
83375.0	21.75	0
83390.6	21.75	0
83406.2	22.50	0
83421.9	22.50	0
83437.5	23.25	0
83453.1	23.25	0
83468.8	24.00	0
83484.4	24.00	0
83500.0	24.75	0
83515.6	24.75	0
83531.2	25.50	0
83546.9	25.50	0
83562.5	26.25	0
83578.1	26.25	0
83593.8	26.25	0
83609.4	27.00	0
83625.0	27.00	0
83640.6	27.00	0
83656.2	27.75	0
83671.9	27.75	0
83687.5	27.75	0
83703.1	28.50	0
83718.8	28.50	0
83734.4	28.50	0
83750.0	28.50	0
83765.6	28.50	0
83781.2	28.50	0
83796.9	29.25	0
83812.5	29.25	0
83828.1	29.25	0
83843.8	29.25	0
83859.4	29.25	0
83875.0	29.25	0
83890.6	29.25	0
83906.2	29.25	0
83921.9	29.25	0
83937.5	29.25	0
83953.1	29.25	0
83968.8	29.25	0
83984.4	29.25	0
84000.0	29.25	0
84015.6	28.50	0
84031.2	28.50	0
84046.9	28.50	0
84062.5	28.50	0
84078.1	27.75	0
84093.8	27.75	0
84109.4	27.75	0
84125.0	27.00	0
84140.6	27.00	0
84156.2	27.00	0
84171.9	26.25	0
84187.5	26.25	0
84203.1	26.25	0
84218.8	25.50	0
84234.4	25.50	0
84250.0	24.75	0
84265.6	24.75	0
84281.2	24.00	0
84296.9	24.00	0
84312.5	23.25	0
84328.1	22.50	0
84343.8	22.50	0
84359.4	21.75	0
84375.0	21.75	0
84390.6	21.00	0
84406.2	20.25	0
84421.9	20.25	0
84437.5	19.50	0
84453.1	18.75	0
84468.8	18.75	0
84484.4	18.00	0
84500.0	17.25	0
84515.6	16.50	0
84531.2	15.75	0
84546.9	15.75	0
84562.5	15.00	0
84578.1	14.25	0
84593.8	13.50	0
84609.4	12.75	0
84625.0	12.75	0
84640.6	12.00	0
84656.2	11.25	0
84671.9	10.50	0
84687.5	9.75	0
84703.1	9.00	0
84718.8	8.25	0
84734.4	8.25	0
84750.0	7.50	0
84765.6	6.75	0
84781.2	6.00	0
84796.9	5.25	0
84812.5	4.50	0
84828.1	3.75	0
84843.8	3.00	0
84859.4	2.25	0
84875.0	1.50	0
84890.6	1.50	0
84906.2	0.00	0
84921.9	-0.75	0
84937.5	-1.50	0
84953.1	-2.25	0
84968.8	-3.00	0
84984.4	-3.75	0
85000.0	-4.50	0
85015.6	-5.25	0
85031.2	-5.25	0
85046.9	-6.00	0
85062.5	-6.75	0
85078.1	-7.50	0
85093.8	-8.25	0
85109.4	-9.00	0
85125.0	-9.75	0
85140.6	-9.75	0
85156.2	-10.50	0
85171.9	-11.25	0
85187.5	-12.00	0
85203.1	-12.75	0
85218.8	-12.75	0
85234.4	-13.50	0
85250.0	-14.25	0
85265.6	-15.00	0
85281.2	-15.00	0
85296.9	-15.75	0
85312.5	-16.50	0
85328.1	-16.50	0
85343.8	-17.25	0
85359.4	-18.00	0
85375.0	-18.00	0
85390.6	-18.75	0
85406.2	-19.50	0
85421.9	-19.50	0
85437.5	-20.25	0
85453.1	-20.25	0
85468.8	-21.00	0
85484.4	-21.00	0
85500.0	-21.75	0
85515.6	-21.75	0
85531.2	-22.50	0
85546.9	-22.50	0
85562.5	-22.50	0
85578.1	-23.25	0
85593.8	-23.25	0
85609.4	-23.25	0
85625.0	-24.00	0
85640.6	-24.00	0
85656.2	-24.00	0
85671.9	-24.00	0
85687.5	-24.75	0
85703.1	-24.75	0
85718.8	-24.75	0
85734.4	-24.75	0
85750.0	-24.75	0
85765.6	-24.75	0
85781.2	-24.75	0
85796.9	-25.50	0
85812.5	-25.50	0
85828.1	-25.50	0
85843.8	-25.50	0
85859.4	-25.50	0
85875.0	-25.50	0
85890.6	-25.50	0
85906.2	-25.50	0
85921.9	-25.50	0
85937.5	-24.75	0
85953.1	-24.75	0
85968.8	-24.75	0
85984.4	-24.75	0
86000.0	-24.75	0
86015.6	-24.00	0
86031.2	-24.00	0
86046.9	-24.00	0
86062.5	-23.25	0
86078.1	-23.25	0
86093.8	-23.25	0
86109.4	-22.50	0
86125.0	-22.50	0
86140.6	-22.50	0
86156.2	-21.75	0
86171.9	-21.75	0
86187.5	-21.00	0
86203.1	-21.00	0
86218.8	-20.25	0
86234.4	-19.50	0
86250.0	-19.50	0
86265.6	-18.75	0
86281.2	-18.75	0
86296.9	-18.00	0
86312.5	-17.25	0
86328.1	-17.25	0
86343.8	-16.50	0
86359.4	-15.75	0
86375.0	-15.75	0
86390.6	-15.00	0
86406.2	-14.25	0
86421.9	-14.25	0
86437.5	-13.50	0
86453.1	-12.75	0
86468.8	-12.00	0
86484.4	-11.25	0
86500.0	-11.25	0
86515.6	-10.50	0
86531.2	-9.75	0
86546.9	-9.00	0
86562.5	-8.25	0
86578.1	-7.50	0
86593.8	-7.50	0
86609.4	-6.75	0
86625.0	-6.00	0
86640.6	-5.25	0
86656.2	-4.50	0
86671.9	-3.75	1
86687.5	-3.00	0
86703.1	-3.00	0
86718.8	-2.25	0
86734.4	-1.50	0
86750.0	-0.75	0
86765.6	0.75	0
86781.2	1.50	0
86796.9	2.25	0
86812.5	3.00	0
86828.1	3.75	0
86843.8	4.50	0
86859.4	5.25	0
86875.0	5.25	0
86890.6	6.00	0
86906.2	6.75	0
86921.9	7.50	0
86937.5	8.25	0
86953.1	9.00	0
86968.8	9.75	0
86984.4	10.50	0
87000.0	10.50	0
87015.6	11.25	0
87031.2	12.00	0
87046.9	12.75	0
87062.5	13.50	0
87078.1	14.25	0
87093.8	15.00	0
87109.4	15.00	0
87125.0	15.75	0
87140.6	16.50	0
87156.2	17.25	0
87171.9	17.25	0
87187.5	18.00	0
87203.1	18.75	0
87218.8	19.50	0
87234.4	19.50	0
87250.0	20.25	0
87265.6	21.00	0
87281.2	21.00	0
87296.9	21.75	0
87312.5	22.50	0
87328.1	22.50	0
87343.8	23.25	0
87359.4	23.25	0
87375.0	24.00	0
87390.6	24.75	0
87406.2	24.75	0
87421.9	25.50	0
87437.5	25.50	0
87453.1	26.25	0
87468.8	26.25	0
87484.4	26.25	0
87500.0	27.00	0
87515.6	27.00	0
87531.2	27.75	0
87546.9	27.75	0
87562.5	27.75	0
87578.1	28.50	0
87593.8	28.50	0
87609.4	28.50	0
87625.0	28.50	0
87640.6	29.25	0
87656.2	29.25	0
87671.9	29.25	0
87687.5	29.25	0
87703.1	29.25	0
87718.8	29.25	0
87734.4	30.00	0
87750.0	30.00	0
87765.6	30.00	0
87781.2	30.00	0
87796.9	30.00	0
87812.5	30.00	0
87828.1	30.00	0
87843.8	30.00	0
87859.4	30.00	0
87875.0	30.00	0
87890.6	30.00	0
87906.2	30.00	0
87921.9	29.25	0
87937.5	29.25	0
87953.1	29.25	0
87968.8	29.25	0
87984.4	28.50	0
88000.0	28.50	0
88015.6	28.50	0
88031.2	28.50	0
88046.9	27.75	0
88062.5	27.75	0
88078.1	27.00	0
88093.8	27.00	0
88109.4	27.00	0
88125.0	26.25	0
88140.6	26.25	0
88156.2	25.50	0
88171.9	25.50	0
88187.5	24.75	0
88203.1	24.75	0
88218.8	24.00	0
88234.4	23.25	0
88250.0	23.25	0
88265.6	22.50	0
88281.2	21.75	0
88296.9	21.75	0
88312.5	21.00	0
88328.1	20.25	0
88343.8	20.25	0
88359.4	19.50	0
88375.0	18.75	0
88390.6	18.00	0
88406.2	18.00	0
88421.9	17.25	0
88437.5	16.50	0
88453.1	15.75	0
88468.8	15.00	0
88484.4	15.00	0
88500.0	14.25	0
88515.6	13.50	0
88531.2	12.75	0
88546.9	12.00	0
88562.5	11.25	0
88578.1	10.50	0
88593.8	9.75	0
88609.4	9.00	0
88625.0	9.00	0
88640.6	8.25	0
88656.2	7.50	0
88671.9	6.75	0
88687.5	6.00	0
88703.1	5.25	0
88718.8	4.50	0
88734.4	3.75	0
88750.0	3.00	0
88765.6	2.25	0
88781.2	1.50	0
88796.9	0.75	0
88812.5	-0.75	0
88828.1	-1.50	0
88843.8	-2.25	0
88859.4	-3.00	0
88875.0	-3.75	0
88890.6	-4.50	0
88906.2	-4.50	0
88921.9	-5.25	0
88937.5	-6.00	0
88953.1	-6.75	0
88968.8	-7.50	0
88984.4	-8.25	0
89000.0	-9.00	0
89015.6	-9.75	0
89031.2	-10.50	0
89046.9	-10.50	0
89062.5	-11.25	0
89078.1	-12.00	0
89093.8	-12.75	0
89109.4	-13.50	0
89125.0	-14.25	0
89140.6	-14.25	0
89156.2	-15.00	0
89171.9	-15.75	0
89187.5	-16.50	0
89203.1	-16.50	0
89218.8	-17.25	0
89234.4	-18.00	0
89250.0	-18.00	0
89265.6	-18.75	0
89281.2	-19.50	0
89296.9	-19.50	0
89312.5	-20.25	0
89328.1	-21.00	0
89343.8	-21.00	0
89359.4	-21.75	0
89375.0	-21.75	0
89390.6	-22.50	0
89406.2	-22.50	0
89421.9	-23.25	0
89437.5	-23.25	0
89453.1	-23.25	0
89468.8	-24.00	0
89484.4	-24.00	0
89500.0	-24.00	0
89515.6	-24.75	0
89531.2	-24.75	0
89546.9	-24.75	0
89562.5	-25.50	0
89578.1	-25.50	0
89593.8	-25.50	0
89609.4	-25.50	0
89625.0	-25.50	0
89640.6	-26.25	0
89656.2	-26.25	0
89671.9	-26.25	0
89687.5	-26.25	0
89703.1	-26.25	0
89718.8	-26.25	0
89734.4	-26.25	0
89750.0	-26.25	0
89765.6	-26.25	0
89781.2	-26.25	0
89796.9	-26.25	0
89812.5	-26.25	0
89828.1	-26.25	0
89843.8	-25.50	0
89859.4	-25.50	0
89875.0	-25.50	0
89890.6	-25.50	0
89906.2	-24.75	0
89921.9	-24.75	0
89937.5	-24.75	0
89953.1	-24.00	0
89968.8	-24.00	0
89984.4	-24.00	0
90000.0	-23.25	0
90015.6	-23.25	0
90031.2	-22.50	0
90046.9	-22.50	0
90062.5	-21.75	0
90078.1	-21.75	0
90093.8	-21.00	0
90109.4	-21.00	0
90125.0	-20.25	0
90140.6	-20.25	0
90156.2	-19.50	0
90171.9	-18.75	0
90187.5	-18.75	0
90203.1	-18.00	0
90218.8	-17.25	0
90234.4	-17.25	0
90250.0	-16.50	0
90265.6	-15.75	0
90281.2	-15.00	0
90296.9	-15.00	0
90312.5	-14.25	0
90328.1	-13.50	0
90343.8	-12.75	0
90359.4	-12.00	0
90375.0	-12.00	0
90390.6	-11.25	0
90406.2	-10.50	0
90421.9	-9.75	0
90437.5	-9.00	0
90453.1	-8.25	0
90468.8	-7.50	0
90484.4	-7.50	0
90500.0	-6.75	0
90515.6	-6.00	0
90531.2	-5.25	0
90546.9	-4.50	0
90562.5	-3.75	0
90578.1	-3.00	1
90593.8	-2.25	0
90609.4	-1.50	0
90625.0	-0.75	0
90640.6	0.75	0
90656.2	0.75	0
90671.9	2.25	0
90687.5	2.25	0
90703.1	3.00	0
90718.8	3.75	0
90734.4	4.50	0
90750.0	5.25	0
90765.6	6.00	0
90781.2	6.75	0
90796.9	7.50	0
90812.5	8.25	0
90828.1	9.00	0
90843.8	9.75	0
90859.4	10.50	0
90875.0	10.50	0
90890.6	11.25	0
90906.2	12.00	0
90921.9	12.75	0
90937.5	13.50	0
90953.1	14.25	0
90968.8	15.00	0
90984.4	15.00	0
91000.0	15.75	0
91015.6	16.50	0
91031.2	17.25	0
91046.9	18.00	0
91062.5	18.00	0
91078.1	18.75	0
91093.8	19.50	0
91109.4	20.25	0
91125.0	20.25	0
91140.6	21.00	0
91156.2	21.75	0
91171.9	21.75	0
91187.5	22.50	0
91203.1	23.25	0
91218.8	23.25	0
91234.4	24.00	0
91250.0	24.00	0
91265.6	24.75	0
91281.2	25.50	0
91296.9	25.50	0
91312.5	25.50	0
91328.1	26.25	0
91343.8	26.25	0
91359.4	27.00	0
91375.0	27.00	0
91390.6	27.75	0
91406.2	27.75	0
91421.9	27.75	0
91437.5	28.50	0
91453.1	28.50	0
91468.8	28.50	0
91484.4	29.25	0
91500.0	29.25	0
91515.6	29.25	0
91531.2	29.25	0
91546.9	30.00	0
91562.5	30.00	0
91578.1	30.00	0
91593.8	30.00	0
91609.4	30.00	0
91625.0	30.00	0
91640.6	30.00	0
91656.2	30.00	0
91671.9	30.00	0
91687.5	30.00	0
91703.1	30.00	0
91718.8	30.00	0
91734.4	29.25	0
91750.0	29.25	0
91765.6	29.25	0
91781.2	29.25	0
91796.9	29.25	0
91812.5	29.25	0
91828.1	28.50	0
91843.8	28.50	0
91859.4	28.50	0
91875.0	28.50	0
91890.6	27.75	0
91906.2	27.75	0
91921.9	27.75	0
91937.5	27.00	0
91953.1	27.00	0
91968.8	26.25	0
91984.4	26.25	0
92000.0	25.50	0
92015.6	25.50	0
92031.2	24.75	0
92046.9	24.75	0
92062.5	24.00	0
92078.1	24.00	0
92093.8	23.25	0
92109.4	23.25	0
92125.0	22.50	0
92140.6	21.75	0
92156.2	21.75	0
92171.9	21.00	0
92187.5	20.25	0
92203.1	20.25	0
92218.8	19.50	0
92234.4	18.75	0
92250.0	18.00	0
92265.6	18.00	0
92281.2	17.25	0
92296.9	16.50	0
92312.5	15.75	0
92328.1	15.00	0
92343.8	15.00	0
92359.4	14.25	0
92375.0	13.50	0
92390.6	12.75	0
92406.2	12.00	0
92421.9	11.25	0
92437.5	10.50	0
92453.1	9.75	0
92468.8	9.00	0
92484.4	8.25	0
92500.0	8.25	0
92515.6	7.50	0
92531.2	6.75	0
92546.9	6.00	0
92562.5	5.25	0
92578.1	4.50	0
92593.8	3.75	0
92609.4	3.00	0
92625.0	2.25	0
92640.6	1.50	0
92656.2	0.75	0
92671.9	0.00	0
92687.5	-0.75	0
92703.1	-1.50	0
92718.8	-2.25	0
92734.4	-3.00	0
92750.0	-3.75	0
92765.6	-3.75	0
92781.2	-4.50	0
92796.9	-5.25	0
92812.5	-6.00	0
92828.1	-6.75	0
92843.8	-7.50	0
92859.4	-8.25	0
92875.0	-9.00	0
92890.6	-9.75	0
92906.2	-10.50	0
92921.9	-10.50	0
92937.5	-11.25	0
92953.1	-12.00	0
92968.8	-12.75	0
92984.4	-13.50	0
93000.0	-13.50	0
93015.6	-14.25	0
93031.2	-15.00	0
93046.9	-15.75	0
93062.5	-16.50	0
93078.1	-16.50	0
93093.8	-17.25	0
93109.4	-18.00	0
93125.0	-18.00	0
93140.6	-18.75	0
93156.2	-19.50	0
93171.9	-19.50	0
93187.5	-20.25	0
93203.1	-20.25	0
93218.8	-21.00	0
93234.4	-21.00	0
93250.0	-21.75	0
93265.6	-22.50	0
93281.2	-22.50	0
93296.9	-22.50	0
93312.5	-23.25	0
93328.1	-23.25	0
93343.8	-24.00	0
93359.4	-24.00	0
93375.0	-24.00	0
93390.6	-24.75	0
93406.2	-24.75	0
93421.9	-24.75	0
93437.5	-24.75	0
93453.1	-25.50	0
93468.8	-25.50	0
93484.4	-25.50	0
93500.0	-25.50	0
93515.6	-25.50	0
93531.2	-25.50	0
93546.9	-26.25	0
93562.5	-26.25	0
93578.1	-26.25	0
93593.8	-26.25	0
93609.4	-26.25	0
93625.0	-26.25	0
93640.6	-26.25	0
93656.2	-26.25	0
93671.9	-26.25	0
93687.5	-26.25	0
93703.1	-26.25	0
93718.8	-25.50	0
93734.4	-25.50	0
93750.0	-25.50	0
93765.6	-25.50	0
93781.2	-24.75	0
93796.9	-24.75	0
93812.5	-24.75	0
93828.1	-24.00	0
93843.8	-24.00	0
93859.4	-24.00	0
93875.0	-23.25	0
93890.6	-23.25	0
93906.2	-22.50	0
93921.9	-22.50	0
93937.5	-21.75	0
93953.1	-21.75	0
93968.8	-21.00	0
93984.4	-21.00	0
94000.0	-20.25	0
94015.6	-20.25	0
94031.2	-19.50	0
94046.9	-18.75	0
94062.5	-18.75	0
94078.1	-18.00	0
94093.8	-17.25	0
94109.4	-17.25	0
94125.0	-16.50	0
94140.6	-15.75	0
94156.2	-15.00	0
94171.9	-15.00	0
94187.5	-14.25	0
94203.1	-13.50	0
94218.8	-12.75	0
94234.4	-12.75	0
94250.0	-12.00	0
94265.6	-11.25	0
94281.2	-10.50	0
94296.9	-9.75	0
94312.5	-9.00	0
94328.1	-9.00	0
94343.8	-8.25	0
94359.4	-7.50	0
94375.0	-6.75	0
94390.6	-6.00	0
94406.2	-5.25	0
94421.9	-4.50	0
94437.5	-3.75	0
94453.1	-3.00	1
94468.8	-2.25	0
94484.4	-1.50	0
94500.0	-1.50	0
94515.6	0.00	0
94531.2	0.75	0
94546.9	1.50	0
94562.5	2.25	0
94578.1	3.00	0
94593.8	3.75	0
94609.4	4.50	0
94625.0	5.25	0
94640.6	6.00	0
94656.2	6.75	0
94671.9	7.50	0
94687.5	8.25	0
94703.1	8.25	0
94718.8	9.00	0
94734.4	9.75	0
94750.0	10.50	0
94765.6	11.25	0
94781.2	12.00	0
94796.9	12.75	0
94812.5	13.50	0
94828.1	14.25	0
94843.8	14.25	0
94859.4	15.00	0
94875.0	15.75	0
94890.6	16.50	0
94906.2	17.25	0
94921.9	17.25	0
94937.5	18.00	0
94953.1	18.75	0
94968.8	19.50	0
94984.4	19.50	0
95000.0	20.25	0
95015.6	21.00	0
95031.2	21.00	0
95046.9	21.75	0
95062.5	22.50	0
95078.1	22.50	0
95093.8	23.25	0
95109.4	23.25	0
95125.0	24.00	0
95140.6	24.75	0
95156.2	24.75	0
95171.9	25.50	0
95187.5	25.50	0
95203.1	26.25	0
95218.8	26.25	0
95234.4	27.00	0
95250.0	27.00	0
95265.6	27.00	0
95281.2	27.75	0
95296.9	27.75	0
95312.5	28.50	0
95328.1	28.50	0
95343.8	28.50	0
95359.4	28.50	0
95375.0	29.25	0
95390.6	29.25	0
95406.2	29.25	0
95421.9	29.25	0
95437.5	29.25	0
95453.1	30.00	0
95468.8	30.00	0
95484.4	30.00	0
95500.0	30.00	0
95515.6	30.00	0
95531.2	30.00	0
95546.9	30.00	0
95562.5	30.00	0
95578.1	30.00	0
95593.8	30.00	0
95609.4	30.00	0
95625.0	30.00	0
95640.6	30.00	0
95656.2	30.00	0
95671.9	30.00	0
95687.5	30.00	0
95703.1	29.25	0
95718.8	29.25	0
95734.4	29.25	0
95750.0	29.25	0
95765.6	28.50	0
95781.2	28.50	0
95796.9	28.50	0
95812.5	27.75	0
95828.1	27.75	0
95843.8	27.00	0
95859.4	27.00	0
95875.0	26.25	0
95890.6	26.25	0
95906.2	25.50	0
95921.9	25.50	0
95937.5	24.75	0
95953.1	24.75	0
95968.8	24.00	0
95984.4	24.00	0
96000.0	23.25	0
96015.6	22.50	0
96031.2	22.50	0
96046.9	21.75	0
96062.5	21.00	0
96078.1	21.00	0
96093.8	20.25	0
96109.4	19.50	0
96125.0	18.75	0
96140.6	18.75	0
96156.2	18.00	0
96171.9	17.25	0
96187.5	16.50	0
96203.1	15.75	0
96218.8	15.75	0
96234.4	15.00	0
96250.0	14.25	0
96265.6	13.50	0
96281.2	12.75	0
96296.9	12.00	0
96312.5	12.00	0
96328.1	11.25	0
96343.8	10.50	0
96359.4	9.75	0
96375.0	9.00	0
96390.6	8.25	0
96406.2	7.50	0
96421.9	6.75	0
96437.5	6.00	0
96453.1	5.25	0
96468.8	4.50	0
96484.4	3.75	0
96500.0	3.00	0
96515.6	2.25	0
96531.2	1.50	0
96546.9	1.50	0
96562.5	0.00	0
96578.1	-0.75	0
96593.8	-1.50	0
96609.4	-2.25	0
96625.0	-3.00	0
96640.6	-3.75	0
96656.2	-4.50	0
96671.9	-5.25	0
96687.5	-6.00	0
96703.1	-6.75	0
96718.8	-7.50	0
96734.4	-8.25	0
96750.0	-9.00	0
96765.6	-9.00	0
96781.2	-9.75	0
96796.9	-10.50	0
96812.5	-11.25	0
96828.1	-12.00	0
96843.8	-12.75	0
96859.4	-12.75	0
96875.0	-13.50	0
96890.6	-14.25	0
96906.2	-15.00	0
96921.9	-15.00	0
96937.5	-15.75	0
96953.1	-16.50	0
96968.8	-17.25	0
96984.4	-17.25	0
97000.0	-18.00	0
97015.6	-18.75	0
97031.2	-18.75	0
97046.9	-19.50	0
97062.5	-20.25	0
97078.1	-20.25	0
97093.8	-21.00	0
97109.4	-21.00	0
97125.0	-21.75	0
97140.6	-21.75	0
97156.2	-22.50	0
97171.9	-22.50	0
97187.5	-23.25	0
97203.1	-23.25	0
97218.8	-23.25	0
97234.4	-24.00	0
97250.0	-24.00	0
97265.6	-24.75	0
97281.2	-24.75	0
97296.9	-24.75	0
97312.5	-24.75	0
97328.1	-25.50	0
97343.8	-25.50	0
97359.4	-25.50	0
97375.0	-25.50	0
97390.6	-25.50	0
97406.2	-25.50	0
97421.9	-25.50	0
97437.5	-26.25	0
97453.1	-26.25	0
97468.8	-26.25	0
97484.4	-26.25	0
97500.0	-26.25	0
97515.6	-26.25	0
97531.2	-26.25	0
97546.9	-26.25	0
97562.5	-26.25	0
97578.1	-26.25	0
97593.8	-25.50	0
97609.4	-25.50	0
97625.0	-25.50	0
97640.6	-25.50	0
97656.2	-24.75	0
97671.9	-24.75	0
97687.5	-24.75	0
97703.1	-24.00	0
97718.8	-24.00	0
97734.4	-24.00	0
97750.0	-23.25	0
97765.6	-23.25	0
97781.2	-22.50	0
97796.9	-22.50	0
97812.5	-22.50	0
97828.1	-21.75	0
97843.8	-21.00	0
97859.4	-21.00	0
97875.0	-20.25	0
97890.6	-20.25	0
97906.2	-19.50	0
97921.9	-19.50	0
97937.5	-18.75	0
97953.1	-18.00	0
97968.8	-18.00	0
97984.4	-17.25	0
98000.0	-16.50	0
98015.6	-15.75	0
98031.2	-15.75	0
98046.9	-15.00	0
98062.5	-14.25	0
98078.1	-13.50	0
98093.8	-13.50	0
98109.4	-12.75	0
98125.0	-12.00	0
98140.6	-11.25	0
98156.2	-10.50	0
98171.9	-10.50	0
98187.5	-9.75	0
98203.1	-9.00	0
98218.8	-8.25	0
98234.4	-7.50	0
98250.0	-6.75	0
98265.6	-6.00	0
98281.2	-5.25	0
98296.9	-4.50	0
98312.5	-4.50	0
98328.1	-3.75	1
98343.8	-3.00	0
98359.4	-2.25	0
98375.0	-1.50	0
98390.6	-0.75	0
98406.2	0.75	0
98421.9	1.50	0
98437.5	2.25	0
98453.1	3.00	0
98468.8	3.75	0
98484.4	4.50	0
98500.0	5.25	0
98515.6	5.25	0
98531.2	6.00	0
98546.9	6.75	0
98562.5	7.50	0
98578.1	8.25	0
98593.8	9.00	0
98609.4	9.75	0
98625.0	10.50	0
98640.6	11.25	0
98656.2	12.00	0
98671.9	12.00	0
98687.5	12.75	0
98703.1	13.50	0
98718.8	14.25	0
98734.4	15.00	0
98750.0	15.75	0
98765.6	15.75	0
98781.2	16.50	0
98796.9	17.25	0
98812.5	18.00	0
98828.1	18.00	0
98843.8	18.75	0
98859.4	19.50	0
98875.0	20.25	0
98890.6	20.25	0
98906.2	21.00	0
98921.9	21.75	0
98937.5	21.75	0
98953.1	22.50	0
98968.8	23.25	0
98984.4	23.25	0
99000.0	24.00	0
99015.6	24.00	0
99031.2	24.75	0
99046.9	24.75	0
99062.5	25.50	0
99078.1	25.50	0
99093.8	26.25	0
99109.4	26.25	0
99125.0	27.00	0
99140.6	27.00	0
99156.2	27.75	0
99171.9	27.75	0
99187.5	27.75	0
99203.1	28.50	0
99218.8	28.50	0
99234.4	28.50	0
99250.0	29.25	0
99265.6	29.25	0
99281.2	29.25	0
99296.9	29.25	0
99312.5	29.25	0
99328.1	30.00	0
99343.8	30.00	0
99359.4	30.00	0
99375.0	30.00	0
99390.6	30.00	0
99406.2	30.00	0
99421.9	30.00	0
99437.5	30.00	0
99453.1	30.00	0
99468.8	30.00	0
99484.4	30.00	0
99500.0	30.00	0
99515.6	30.00	0
99531.2	30.00	0
99546.9	30.00	0
99562.5	30.00	0
99578.1	29.25	0
99593.8	29.25	0
99609.4	29.25	0
99625.0	29.25	0
99640.6	28.50	0
99656.2	28.50	0
99671.9	28.50	0
99687.5	27.75	0
99703.1	27.75	0
99718.8	27.75	0
99734.4	27.00	0
99750.0	27.00	0
99765.6	26.25	0
99781.2	26.25	0
99796.9	25.50	0
99812.5	25.50	0
99828.1	24.75	0
99843.8	24.00	0
99859.4	24.00	0
99875.0	23.25	0
99890.6	23.25	0
99906.2	22.50	0
99921.9	21.75	0
99937.5	21.75	0
99953.1	21.00	0
99968.8	20.25	0
99984.4	20.25	0
100000.0	19.50	0
100015.6	18.75	0
100031.2	18.00	0
100046.9	17.25	0
100062.5	17.25	0
100078.1	16.50	0
100093.8	15.75	0
100109.4	15.00	0
100125.0	14.25	0
100140.6	14.25	0
100156.2	13.50	0
100171.9	12.75	0
100187.5	12.00	0
100203.1	11.25	0
100218.8	10.50	0
100234.4	9.75	0
100250.0	9.00	0
100265.6	8.25	0
100281.2	7.50	0
100296.9	6.75	0
100312.5	6.00	0
100328.1	6.00	0
100343.8	5.25	0
100359.4	4.50	0
100375.0	3.75	0
100390.6	3.00	0
100406.2	2.25	0
100421.9	1.50	0
100437.5	0.00	0
100453.1	-0.75	0
100468.8	-1.50	0
100484.4	-2.25	0
100500.0	-3.00	0
100515.6	-3.75	0
100531.2	-4.50	0
100546.9	-5.25	0
100562.5	-6.00	0
100578.1	-6.75	0
100593.8	-6.75	0
100609.4	-7.50	0
100625.0	-8.25	0
100640.6	-9.00	0
100656.2	-9.75	0
100671.9	-10.50	0
100687.5	-11.25	0
100703.1	-12.00	0
100718.8	-12.00	0
100734.4	-12.75	0
100750.0	-13.50	0
100765.6	-14.25	0
100781.2	-15.00	0
100796.9	-15.00	0
100812.5	-15.75	0
100828.1	-16.50	0
100843.8	-16.50	0
100859.4	-17.25	0
100875.0	-18.00	0
100890.6	-18.75	0
100906.2	-18.75	0
100921.9	-19.50	0
100937.5	-19.50	0
100953.1	-20.25	0
100968.8	-21.00	0
100984.4	-21.00	0
101000.0	-21.75	0
101015.6	-21.75	0
101031.2	-22.50	0
101046.9	-22.50	0
101062.5	-23.25	0
101078.1	-23.25	0
101093.8	-23.25	0
101109.4	-24.00	0
101125.0	-24.00	0
101140.6	-24.00	0
101156.2	-24.75	0
101171.9	-24.75	0
101187.5	-24.75	0
101203.1	-25.50	0
101218.8	-25.50	0
101234.4	-25.50	0
101250.0	-25.50	0
101265.6	-25.50	0
101281.2	-25.50	0
101296.9	-26.25	0
101312.5	-26.25	0
101328.1	-26.25	0
101343.8	-26.25	0
101359.4	-26.25	0
101375.0	-26.25	0
101390.6	-26.25	0
101406.2	-26.25	0
101421.9	-26.25	0
101437.5	-26.25	0
101453.1	-26.25	0
101468.8	-26.25	0
101484.4	-25.50	0
101500.0	-25.50	0
101515.6	-25.50	0
101531.2	-25.50	0
101546.9	-24.75	0
101562.5	-24.75	0
101578.1	-24.75	0
101593.8	-24.00	0
101609.4	-24.00	0
101625.0	-24.00	0
101640.6	-23.25	0
101656.2	-23.25	0
101671.9	-22.50	0
101687.5	-22.50	0
101703.1	-21.75	0
101718.8	-21.75	0
101734.4	-21.00	0
101750.0	-21.00	0
101765.6	-20.25	0
101781.2	-19.50	0
101796.9	-19.50	0
101812.5	-18.75	0
101828.1	-18.75	0
101843.8	-18.00	0
101859.4	-17.25	0
101875.0	-16.50	0
101890.6	-16.50	0
101906.2	-15.75	0
101921.9	-15.00	0
101937.5	-15.00	0
101953.1	-14.25	0
101968.8	-13.50	0
101984.4	-12.75	0
102000.0	-12.00	0
102015.6	-12.00	0
102031.2	-11.25	0
102046.9	-10.50	0
102062.5	-9.75	0
102078.1	-9.00	0
102093.8	-8.25	0
102109.4	-7.50	0
102125.0	-6.75	0
102140.6	-6.75	0
102156.2	-6.00	0
102171.9	-5.25	0
102187.5	-4.50	0
102203.1	-3.75	1
102218.8	-3.00	0
102234.4	-2.25	0
102250.0	-1.50	0
102265.6	-0.75	0
102281.2	0.75	0
102296.9	1.50	0
102312.5	2.25	0
102328.1	3.00	0
102343.8	3.75	0
102359.4	4.50	0
102375.0	4.50	0
102390.6	5.25	0
102406.2	6.00	0
102421.9	6.75	0
102437.5	7.50	0
102453.1	8.25	0
102468.8	9.00	0
102484.4	9.75	0
102500.0	10.50	0
102515.6	11.25	0
102531.2	12.00	0
102546.9	12.75	0
102562.5	12.75	0
102578.1	13.50	0
102593.8	14.25	0
102609.4	15.00	0
102625.0	15.75	0
102640.6	15.75	0
102656.2	16.50	0
102671.9	17.25	0
102687.5	18.00	0
102703.1	18.75	0
102718.8	18.75	0
102734.4	19.50	0
102750.0	20.25	0
102765.6	21.00	0
102781.2	21.00	0
102796.9	21.75	0
102812.5	22.50	0
102828.1	22.50	0
102843.8	23.25	0
102859.4	24.00	0
102875.0	24.00	0
102890.6	24.75	0
102906.2	24.75	0
102921.9	25.50	0
102937.5	25.50	0
102953.1	26.25	0
102968.8	26.25	0
102984.4	27.00	0
103000.0	27.00	0
103015.6	27.75	0
103031.2	27.75	0
103046.9	27.75	0
103062.5	28.50	0
103078.1	28.50	0
103093.8	28.50	0
103109.4	29.25	0
103125.0	29.25	0
103140.6	29.25	0
103156.2	30.00	0
103171.9	30.00	0
103187.5	30.00	0
103203.1	30.00	0
103218.8	30.00	0
103234.4	30.00	0
103250.0	30.00	0
103265.6	30.00	0
103281.2	30.75	0
103296.9	30.75	0
103312.5	30.75	0
103328.1	30.75	0
103343.8	30.75	0
103359.4	30.75	0
103375.0	30.75	0
103390.6	30.75	0
103406.2	30.75	0
103421.9	30.00	0
103437.5	30.00	0
103453.1	30.00	0
103468.8	30.00	0
103484.4	29.25	0
103500.0	29.25	0
103515.6	29.25	0
103531.2	28.50	0
103546.9	28.50	0
103562.5	28.50	0
103578.1	27.75	0
103593.8	27.75	0
103609.4	27.75	0
103625.0	27.00	0
103640.6	26.25	0
103656.2	26.25	0
103671.9	25.50	0
103687.5	25.50	0
103703.1	24.75	0
103718.8	24.75	0
103734.4	24.00	0
103750.0	24.00	0
103765.6	23.25	0
103781.2	22.50	0
103796.9	22.50	0
103812.5	21.75	0
103828.1	21.00	0
103843.8	21.00	0
103859.4	20.25	0
103875.0	19.50	0
103890.6	18.75	0
103906.2	18.00	0
103921.9	18.00	0
103937.5	17.25	0
103953.1	16.50	0
103968.8	15.75	0
103984.4	15.00	0
104000.0	14.25	0
104015.6	14.25	0
104031.2	13.50	0
104046.9	12.75	0
104062.5	12.00	0
104078.1	11.25	0
104093.8	10.50	0
104109.4	9.75	0
104125.0	9.00	0
104140.6	8.25	0
104156.2	7.50	0
104171.9	6.75	0
104187.5	6.00	0
104203.1	5.25	0
104218.8	4.50	0
104234.4	4.50	0
104250.0	3.75	0
104265.6	3.00	0
104281.2	2.25	0
104296.9	1.50	0
104312.5	0.00	0
104328.1	-0.75	0
104343.8	-1.50	0
104359.4	-2.25	0
104375.0	-3.00	0
104390.6	-3.75	0
104406.2	-4.50	0
104421.9	-5.25	0
104437.5	-6.00	0
104453.1	-6.75	0
104468.8	-7.50	0
104484.4	-8.25	0
104500.0	-9.00	0
104515.6	-9.00	0
104531.2	-9.75	0
104546.9	-10.50	0
104562.5	-11.25	0
104578.1	-12.00	0
104593.8	-12.75	0
104609.4	-12.75	0
104625.0	-13.50	0
104640.6	-14.25	0
104656.2	-15.00	0
104671.9	-15.75	0
104687.5	-15.75	0
104703.1	-16.50	0
104718.8	-17.25	0
104734.4	-18.00	0
104750.0	-18.00	0
104765.6	-18.75	0
104781.2	-19.50	0
104796.9	-19.50	0
104812.5	-20.25	0
104828.1	-20.25	0
104843.8	-21.00	0
104859.4	-21.75	0
104875.0	-21.75	0
104890.6	-22.50	0
104906.2	-22.50	0
104921.9	-23.25	0
104937.5	-23.25	0
104953.1	-23.25	0
104968.8	-24.00	0
104984.4	-24.00	0
105000.0	-24.75	0
105015.6	-24.75	0
105031.2	-24.75	0
105046.9	-25.50	0
105062.5	-25.50	0
105078.1	-25.50	0
105093.8	-25.50	0
105109.4	-25.50	0
105125.0	-26.25	0
105140.6	-26.25	0
105156.2	-26.25	0
105171.9	-26.25	0
105187.5	-26.25	0
105203.1	-26.25	0
105218.8	-26.25	0
105234.4	-26.25	0
105250.0	-26.25	0
105265.6	-26.25	0
105281.2	-25.50	0
105296.9	-25.50	0
105312.5	-25.50	0
105328.1	-25.50	0
105343.8	-25.50	0
105359.4	-25.50	0
105375.0	-24.75	0
105390.6	-24.75	0
105406.2	-24.75	0
105421.9	-24.75	0
105437.5	-24.00	0
105453.1	-24.00	0
105468.8	-24.00	0
105484.4	-23.25	0
105500.0	-23.25	0
105515.6	-22.50	0
105531.2	-22.50	0
105546.9	-21.75	0
105562.5	-21.75	0
105578.1	-21.00	0
105593.8	-21.00	0
105609.4	-20.25	0
105625.0	-20.25	0
105640.6	-19.50	0
105656.2	-18.75	0
105671.9	-18.75	0
105687.5	-18.00	0
105703.1	-18.00	0
105718.8	-17.25	0
105734.4	-16.50	0
105750.0	-15.75	0
105765.6	-15.75	0
105781.2	-15.00	0
105796.9	-14.25	0
105812.5	-13.50	0
105828.1	-13.50	0
105843.8	-12.75	0
105859.4	-12.00	0
105875.0	-11.25	0
105890.6	-10.50	0
105906.2	-9.75	0
105921.9	-9.75	0
105937.5	-9.00	0
105953.1	-8.25	0
105968.8	-7.50	0
105984.4	-6.75	0
106000.0	-6.00	0
106015.6	-5.25	0
106031.2	-4.50	0
106046.9	-3.75	0
106062.5	-3.75	0
106078.1	-3.00	1
106093.8	-2.25	0
106109.4	-1.50	0
106125.0	-0.75	0
106140.6	0.00	0
106156.2	0.75	0
106171.9	1.50	0
106187.5	2.25	0
106203.1	3.00	0
106218.8	3.75	0
106234.4	4.50	0
106250.0	5.25	0
106265.6	6.00	0
106281.2	6.75	0
106296.9	7.50	0
106312.5	8.25	0
106328.1	9.00	0
106343.8	9.00	0
106359.4	9.75	0
106375.0	10.50	0
106390.6	11.25	0
106406.2	12.00	0
106421.9	12.75	0
106437.5	13.50	0
106453.1	14.25	0
106468.8	15.00	0
106484.4	15.00	0
106500.0	15.75	0
106515.6	16.50	0
106531.2	17.25	0
106546.9	18.00	0
106562.5	18.00	0
106578.1	18.75	0
106593.8	19.50	0
106609.4	20.25	0
106625.0	20.25	0
106640.6	21.00	0
106656.2	21.75	0
106671.9	21.75	0
106687.5	22.50	0
106703.1	23.25	0
106718.8	23.25	0
106734.4	24.00	0
106750.0	24.75	0
106765.6	24.75	0
106781.2	25.50	0
106796.9	25.50	0
106812.5	26.25	0
106828.1	26.25	0
106843.8	27.00	0
106859.4	27.00	0
106875.0	27.75	0
106890.6	27.75	0
106906.2	27.75	0
106921.9	28.50	0
106937.5	28.50	0
106953.1	28.50	0
106968.8	29.25	0
106984.4	29.25	0
107000.0	29.25	0
107015.6	30.00	0
107031.2	30.00	0
107046.9	30.00	0
107062.5	30.00	0
107078.1	30.00	0
107093.8	30.00	0
107109.4	30.00	0
107125.0	30.75	0
107140.6	30.75	0
107156.2	30.75	0
107171.9	30.75	0
107187.5	30.75	0
107203.1	30.75	0
107218.8	30.75	0
107234.4	30.75	0
107250.0	30.75	0
107265.6	30.75	0
107281.2	30.00	0
107296.9	30.00	0
107312.5	30.00	0
107328.1	30.00	0
107343.8	30.00	0
107359.4	29.25	0
107375.0	29.25	0
107390.6	29.25	0
107406.2	28.50	0
107421.9	28.50	0
107437.5	28.50	0
107453.1	27.75	0
107468.8	27.75	0
107484.4	27.00	0
107500.0	27.00	0
107515.6	26.25	0
107531.2	26.25	0
107546.9	25.50	0
107562.5	25.50	0
107578.1	24.75	0
107593.8	24.00	0
107609.4	24.00	0
107625.0	23.25	0
107640.6	23.25	0
107656.2	22.50	0
107671.9	21.75	0
107687.5	21.75	0
107703.1	21.00	0
107718.8	20.25	0
107734.4	19.50	0
107750.0	19.50	0
107765.6	18.75	0
107781.2	18.00	0
107796.9	17.25	0
107812.5	16.50	0
107828.1	16.50	0
107843.8	15.75	0
107859.4	15.00	0
107875.0	14.25	0
107890.6	13.50	0
107906.2	12.75	0
107921.9	12.00	0
107937.5	11.25	0
107953.1	11.25	0
107968.8	10.50	0
107984.4	9.75	0
108000.0	9.00	0
108015.6	8.25	0
108031.2	7.50	0
108046.9	6.75	0
108062.5	6.00	0
108078.1	5.25	0
108093.8	4.50	0
108109.4	3.75	0
108125.0	3.00	0
108140.6	2.25	0
108156.2	1.50	0
108171.9	0.75	0
108187.5	-0.75	0
108203.1	-0.75	0
108218.8	-1.50	0
108234.4	-2.25	0
108250.0	-3.00	0
108265.6	-3.75	0
108281.2	-4.50	0
108296.9	-5.25	0
108312.5	-6.00	0
108328.1	-6.75	0
108343.8	-7.50	0
108359.4	-8.25	0
108375.0	-9.00	0
108390.6	-9.75	0
108406.2	-9.75	0
108421.9	-10.50	0
108437.5	-11.25	0
108453.1	-12.00	0
108468.8	-12.75	0
108484.4	-13.50	0
108500.0	-13.50	0
108515.6	-14.25	0
108531.2	-15.00	0
108546.9	-15.75	0
108562.5	-15.75	0
108578.1	-16.50	0
108593.8	-17.25	0
108609.4	-18.00	0
108625.0	-18.00	0
108640.6	-18.75	0
108656.2	-18.75	0
108671.9	-19.50	0
108687.5	-20.25	0
108703.1	-20.25	0
108718.8	-21.00	0
108734.4	-21.00	0
108750.0	-21.75	0
108765.6	-21.75	0
108781.2	-22.50	0
108796.9	-22.50	0
108812.5	-23.25	0
108828.1	-23.25	0
108843.8	-24.00	0
108859.4	-24.00	0
108875.0	-24.00	0
108890.6	-24.75	0
108906.2	-24.75	0
108921.9	-24.75	0
108937.5	-24.75	0
108953.1	-25.50	0
108968.8	-25.50	0
108984.4	-25.50	0
109000.0	-25.50	0
109015.6	-25.50	0
109031.2	-25.50	0
109046.9	-25.50	0
109062.5	-25.50	0
109078.1	-26.25	0
109093.8	-26.25	0
109109.4	-26.25	0
109125.0	-26.25	0
109140.6	-26.25	0
109156.2	-26.25	0
109171.9	-26.25	0
109187.5	-26.25	0
109203.1	-25.50	0
109218.8	-25.50	0
109234.4	-25.50	0
109250.0	-25.50	0
109265.6	-25.50	0
109281.2	-24.75	0
109296.9	-24.75	0
109312.5	-24.75	0
109328.1	-24.00	0
109343.8	-24.00	0
109359.4	-24.00	0
109375.0	-23.25	0
109390.6	-23.25	0
109406.2	-22.50	0
109421.9	-22.50	0
109437.5	-21.75	0
109453.1	-21.75	0
109468.8	-21.00	0
109484.4	-21.00	0
109500.0	-20.25	0
109515.6	-20.25	0
109531.2	-19.50	0
109546.9	-18.75	0
109562.5	-18.75	0
109578.1	-18.00	0
109593.8	-17.25	0
109609.4	-17.25	0
109625.0	-16.50	0
109640.6	-15.75	0
109656.2	-15.75	0
109671.9	-15.00	0
109687.5	-14.25	0
109703.1	-13.50	0
109718.8	-13.50	0
109734.4	-12.75	0
109750.0	-12.00	0
109765.6	-11.25	0
109781.2	-10.50	0
109796.9	-9.75	0
109812.5	-9.75	0
109828.1	-9.00	0
109843.8	-8.25	0
109859.4	-7.50	0
109875.0	-6.75	0
109890.6	-6.00	0
109906.2	-5.25	0
109921.9	-4.50	0
109937.5	-4.50	0
109953.1	-3.75	0
109968.8	-3.00	0
109984.4	-2.25	1
110000.0	-1.50	0
110015.6	-0.75	0
110031.2	0.75	0
110046.9	1.50	0
110062.5	2.25	0
110078.1	2.25	0
110093.8	3.75	0
110109.4	3.75	0
110125.0	4.50	0
110140.6	5.25	0
110156.2	6.00	0
110171.9	6.75	0
110187.5	7.50	0
110203.1	8.25	0
110218.8	9.00	0
110234.4	9.75	0
110250.0	9.75	0
110265.6	10.50	0
110281.2	11.25	0
110296.9	12.00	0
110312.5	12.75	0
110328.1	13.50	0
110343.8	13.50	0
110359.4	14.25	0
110375.0	15.00	0
110390.6	15.75	0
110406.2	16.50	0
110421.9	16.50	0
110437.5	17.25	0
110453.1	18.00	0
110468.8	18.75	0
110484.4	18.75	0
110500.0	19.50	0
110515.6	20.25	0
110531.2	20.25	0
110546.9	21.00	0
110562.5	21.75	0
110578.1	21.75	0
110593.8	22.50	0
110609.4	22.50	0
110625.0	23.25	0
110640.6	24.00	0
110656.2	24.00	0
110671.9	24.75	0
110687.5	24.75	0
110703.1	25.50	0
110718.8	25.50	0
110734.4	26.25	0
110750.0	26.25	0
110765.6	26.25	0
110781.2	27.00	0
110796.9	27.00	0
110812.5	27.75	0
110828.1	27.75	0
110843.8	27.75	0
110859.4	27.75	0
110875.0	28.50	0
110890.6	28.50	0
110906.2	28.50	0
110921.9	28.50	0
110937.5	29.25	0
110953.1	29.25	0
110968.8	29.25	0
110984.4	29.25	0
111000.0	29.25	0
111015.6	29.25	0
111031.2	29.25	0
111046.9	29.25	0
111062.5	29.25	0
111078.1	29.25	0
111093.8	29.25	0
111109.4	29.25	0
111125.0	29.25	0
111140.6	28.50	0
111156.2	28.50	0
111171.9	28.50	0
111187.5	28.50	0
111203.1	28.50	0
111218.8	28.50	0
111234.4	27.75	0
111250.0	27.75	0
111265.6	27.75	0
111281.2	27.75	0
111296.9	27.00	0
111312.5	27.00	0
111328.1	27.00	0
111343.8	26.25	0
111359.4	26.25	0
111375.0	25.50	0
111390.6	25.50	0
111406.2	24.75	0
111421.9	24.75	0
111437.5	24.00	0
111453.1	24.00	0
111468.8	23.25	0
111484.4	23.25	0
111500.0	22.50	0
111515.6	22.50	0
111531.2	21.75	0
111546.9	21.00	0
111562.5	21.00	0
111578.1	20.25	0
111593.8	20.25	0
111609.4	19.50	0
111625.0	18.75	0
111640.6	18.00	0
111656.2	18.00	0
111671.9	17.25	0
111687.5	16.50	0
111703.1	15.75	0
111718.8	15.75	0
111734.4	15.00	0
111750.0	14.25	0
111765.6	13.50	0
111781.2	12.75	0
111796.9	12.75	0
111812.5	12.00	0
111828.1	11.25	0
111843.8	10.50	0
111859.4	9.75	0
111875.0	9.00	0
111890.6	8.25	0
111906.2	7.50	0
111921.9	6.75	0
111937.5	6.75	0
111953.1	6.00	0
111968.8	5.25	0
111984.4	4.50	0
112000.0	3.75	0
112015.6	3.00	0
112031.2	2.25	0
112046.9	1.50	0
112062.5	0.75	0
112078.1	0.00	0
112093.8	-0.75	0
112109.4	-1.50	0
112125.0	-2.25	0
112140.6	-2.25	0
112156.2	-3.00	0
112171.9	-3.75	0
112187.5	-4.50	0
112203.1	-5.25	0
112218.8	-6.00	0
112234.4	-6.75	0
112250.0	-7.50	0
112265.6	-8.25	0
112281.2	-8.25	0
112296.9	-9.00	0
112312.5	-9.75	0
112328.1	-10.50	0
112343.8	-11.25	0
112359.4	-12.00	0
112375.0	-12.00	0
112390.6	-12.75	0
112406.2	-13.50	0
112421.9	-14.25	0
112437.5	-14.25	0
112453.1	-15.00	0
112468.8	-15.75	0
112484.4	-16.50	0
112500.0	-16.50	0
112515.6	-17.25	0
112531.2	-18.00	0
112546.9	-18.00	0
112562.5	-18.75	0
112578.1	-18.75	0
112593.8	-19.50	0
112609.4	-20.25	0
112625.0	-20.25	0
112640.6	-21.00	0
112656.2	-21.00	0
112671.9	-21.75	0
112687.5	-21.75	0
112703.1	-22.50	0
112718.8	-22.50	0
112734.4	-22.50	0
112750.0	-23.25	0
112765.6	-23.25	0
112781.2	-23.25	0
112796.9	-24.00	0
112812.5	-24.00	0
112828.1	-24.00	0
112843.8	-24.75	0
112859.4	-24.75	0
112875.0	-24.75	0
112890.6	-24.75	0
112906.2	-24.75	0
112921.9	-25.50	0
112937.5	-25.50	0
112953.1	-25.50	0
112968.8	-25.50	0
112984.4	-25.50	0
113000.0	-25.50	0
113015.6	-25.50	0
113031.2	-25.50	0
113046.9	-25.50	0
113062.5	-25.50	0
113078.1	-25.50	0
113093.8	-25.50	0
113109.4	-25.50	0
113125.0	-25.50	0
113140.6	-24.75	0
113156.2	-24.75	0
113171.9	-24.75	0
113187.5	-24.75	0
113203.1	-24.75	0
113218.8	-24.00	0
113234.4	-24.00	0
113250.0	-24.00	0
113265.6	-23.25	0
113281.2	-23.25	0
113296.9	-22.50	0
113312.5	-22.50	0
113328.1	-21.75	0
113343.8	-21.75	0
113359.4	-21.00	0
113375.0	-21.00	0
113390.6	-20.25	0
113406.2	-20.25	0
113421.9	-19.50	0
113437.5	-19.50	0
113453.1	-18.75	0
113468.8	-18.75	0
113484.4	-18.00	0
113500.0	-17.25	0
113515.6	-17.25	0
113531.2	-16.50	0
113546.9	-15.75	0
113562.5	-15.00	0
113578.1	-15.00	0
113593.8	-14.25	0
113609.4	-13.50	0
113625.0	-12.75	0
113640.6	-12.75	0
113656.2	-12.00	0
113671.9	-11.25	0
113687.5	-10.50	0
113703.1	-9.75	0
113718.8	-9.75	0
113734.4	-9.00	0
113750.0	-8.25	0
113765.6	-7.50	0
113781.2	-6.75	0
113796.9	-6.00	0
113812.5	-6.00	0
113828.1	-5.25	0
113843.8	-4.50	0
113859.4	-3.75	1
113875.0	-3.00	0
113890.6	-2.25	0
113906.2	-1.50	0
113921.9	-0.75	0
113937.5	0.75	0
113953.1	1.50	0
113968.8	1.50	0
113984.4	2.25	0
114000.0	3.00	0
114015.6	3.75	0
114031.2	4.50	0
114046.9	5.25	0
114062.5	6.00	0
114078.1	6.75	0
114093.8	7.50	0
114109.4	8.25	0
114125.0	8.25	0
114140.6	9.00	0
114156.2	9.75	0
114171.9	10.50	0
114187.5	11.25	0
114203.1	12.00	0
114218.8	12.75	0
114234.4	13.50	0
114250.0	13.50	0
114265.6	14.25	0
114281.2	15.00	0
114296.9	15.75	0
114312.5	16.50	0
114328.1	16.50	0
114343.8	17.25	0
114359.4	18.00	0
114375.0	18.75	0
114390.6	18.75	0
114406.2	19.50	0
114421.9	20.25	0
114437.5	20.25	0
114453.1	21.00	0
114468.8	21.75	0
114484.4	21.75	0
114500.0	22.50	0
114515.6	23.25	0
114531.2	23.25	0
114546.9	24.00	0
114562.5	24.00	0
114578.1	24.75	0
114593.8	24.75	0
114609.4	25.50	0
114625.0	25.50	0
114640.6	26.25	0
114656.2	26.25	0
114671.9	27.00	0
114687.5	27.00	0
114703.1	27.00	0
114718.8	27.75	0
114734.4	27.75	0
114750.0	27.75	0
114765.6	28.50	0
114781.2	28.50	0
114796.9	28.50	0
114812.5	29.25	0
114828.1	29.25	0
114843.8	29.25	0
114859.4	29.25	0
114875.0	29.25	0
114890.6	29.25	0
114906.2	29.25	0
114921.9	30.00	0
114937.5	30.00	0
114953.1	30.00	0
114968.8	30.00	0
114984.4	30.00	0
115000.0	30.00	0
115015.6	30.00	0
115031.2	30.00	0
115046.9	30.00	0
115062.5	30.00	0
115078.1	30.00	0
115093.8	29.25	0
115109.4	29.25	0
115125.0	29.25	0
115140.6	29.25	0
115156.2	28.50	0
115171.9	28.50	0
115187.5	28.50	0
115203.1	28.50	0
115218.8	27.75	0
115234.4	27.75	0
115250.0	27.75	0
115265.6	27.00	0
115281.2	27.00	0
115296.9	26.25	0
115312.5	26.25	0
115328.1	25.50	0
115343.8	25.50	0
115359.4	24.75	0
115375.0	24.75	0
115390.6	24.00	0
115406.2	24.00	0
115421.9	23.25	0
115437.5	22.50	0
115453.1	22.50	0
115468.8	21.75	0
115484.4	21.00	0
115500.0	21.00	0
115515.6	20.25	0
115531.2	19.50	0
115546.9	19.50	0
115562.5	18.75	0
115578.1	18.00	0
115593.8	17.25	0
115609.4	17.25	0
115625.0	16.50	0
115640.6	15.75	0
115656.2	15.00	0
115671.9	14.25	0
115687.5	13.50	0
115703.1	12.75	0
115718.8	12.75	0
115734.4	12.00	0
115750.0	11.25	0
115765.6	10.50	0
115781.2	9.75	0
115796.9	9.00	0
115812.5	8.25	0
115828.1	7.50	0
115843.8	6.75	0
115859.4	6.00	0
115875.0	5.25	0
115890.6	5.25	0
115906.2	4.50	0
115921.9	3.75	0
115937.5	3.00	0
115953.1	2.25	0
115968.8	1.50	0
115984.4	0.00	0
116000.0	-0.75	0
116015.6	-1.50	0
116031.2	-2.25	0
116046.9	-3.00	0
116062.5	-3.75	0
116078.1	-4.50	0
116093.8	-4.50	0
116109.4	-5.25	0
116125.0	-6.00	0
116140.6	-6.75	0
116156.2	-7.50	0
116171.9	-8.25	0
116187.5	-9.00	0
116203.1	-9.75	0
116218.8	-10.50	0
116234.4	-10.50	0
116250.0	-11.25	0
116265.6	-12.00	0
116281.2	-12.75	0
116296.9	-13.50	0
116312.5	-13.50	0
116328.1	-14.25	0
116343.8	-15.00	0
116359.4	-15.75	0
116375.0	-15.75	0
116390.6	-16.50	0
116406.2	-17.25	0
116421.9	-18.00	0
116437.5	-18.00	0
116453.1	-18.75	0
116468.8	-18.75	0
116484.4	-19.50	0
116500.0	-20.25	0
116515.6	-20.25	0
116531.2	-21.00	0
116546.9	-21.00	0
116562.5	-21.75	0
116578.1	-21.75	0
116593.8	-22.50	0
116609.4	-22.50	0
116625.0	-23.25	0
116640.6	-23.25	0
116656.2	-23.25	0
116671.9	-24.00	0
116687.5	-24.00	0
116703.1	-24.00	0
116718.8	-24.75	0
116734.4	-24.75	0
116750.0	-24.75	0
116765.6	-24.75	0
116781.2	-25.50	0
116796.9	-25.50	0
116812.5	-25.50	0
116828.1	-25.50	0
116843.8	-25.50	0
116859.4	-25.50	0
116875.0	-25.50	0
116890.6	-25.50	0
116906.2	-25.50	0
116921.9	-25.50	0
116937.5	-25.50	0
116953.1	-25.50	0
116968.8	-25.50	0
116984.4	-24.75	0
117000.0	-24.75	0
117015.6	-24.75	0
117031.2	-24.75	0
117046.9	-24.75	0
117062.5	-24.75	0
117078.1	-24.00	0
117093.8	-24.00	0
117109.4	-24.00	0
117125.0	-23.25	0
117140.6	-23.25	0
117156.2	-23.25	0
117171.9	-22.50	0
117187.5	-22.50	0
117203.1	-21.75	0
117218.8	-21.75	0
117234.4	-21.75	0
117250.0	-21.00	0
117265.6	-21.00	0
117281.2	-20.25	0
117296.9	-19.50	0
117312.5	-19.50	0
117328.1	-18.75	0
117343.8	-18.75	0
117359.4	-18.00	0
117375.0	-18.00	0
117390.6	-17.25	0
117406.2	-16.50	0
117421.9	-15.75	0
117437.5	-15.75	0
117453.1	-15.00	0
117468.8	-14.25	0
117484.4	-14.25	0
117500.0	-13.50	0
117515.6	-12.75	0
117531.2	-12.00	0
117546.9	-11.25	0
117562.5	-11.25	0
117578.1	-10.50	0
117593.8	-9.75	0
117609.4	-9.00	0
117625.0	-8.25	0
117640.6	-7.50	0
117656.2	-7.50	0
117671.9	-6.75	0
117687.5	-6.00	0
117703.1	-5.25	0
117718.8	-4.50	0
117734.4	-3.75	0
117750.0	-3.00	0
117765.6	-2.25	1
117781.2	-1.50	0
117796.9	-1.50	0
117812.5	-0.75	0
117828.1	0.00	0
117843.8	0.75	0
117859.4	1.50	0
117875.0	2.25	0
117890.6	3.00	0
117906.2	3.75	0
117921.9	4.50	0
117937.5	5.25	0
117953.1	6.00	0
117968.8	6.00	0
117984.4	6.75	0
118000.0	7.50	0
118015.6	8.25	0
118031.2	9.00	0
118046.9	9.75	0
118062.5	10.50	0
118078.1	11.25	0
118093.8	12.00	0
118109.4	12.75	0
118125.0	12.75	0
118140.6	13.50	0
118156.2	14.25	0
118171.9	15.00	0
118187.5	15.75	0
118203.1	15.75	0
118218.8	16.50	0
118234.4	17.25	0
118250.0	18.00	0
118265.6	18.00	0
118281.2	18.75	0
118296.9	19.50	0
118312.5	20.25	0
118328.1	20.25	0
118343.8	21.00	0
118359.4	21.75	0
118375.0	21.75	0
118390.6	22.50	0
118406.2	22.50	0
118421.9	23.25	0
118437.5	24.00	0
118453.1	24.00	0
118468.8	24.75	0
118484.4	24.75	0
118500.0	25.50	0
118515.6	25.50	0
118531.2	26.25	0
118546.9	26.25	0
118562.5	26.25	0
118578.1	27.00	0
118593.8	27.00	0
118609.4	27.75	0
118625.0	27.75	0
118640.6	27.75	0
118656.2	28.50	0
118671.9	28.50	0
118687.5	28.50	0
118703.1	28.50	0
118718.8	29.25	0
118734.4	29.25	0
118750.0	29.25	0
118765.6	29.25	0
118781.2	29.25	0
118796.9	29.25	0
118812.5	29.25	0
118828.1	29.25	0
118843.8	30.00	0
118859.4	30.00	0
118875.0	30.00	0
118890.6	30.00	0
118906.2	30.00	0
118921.9	30.00	0
118937.5	30.00	0
118953.1	30.00	0
118968.8	30.00	0
118984.4	29.25	0
119000.0	29.25	0
119015.6	29.25	0
119031.2	29.25	0
119046.9	28.50	0
119062.5	28.50	0
119078.1	28.50	0
119093.8	28.50	0
119109.4	27.75	0
119125.0	27.75	0
119140.6	27.75	0
119156.2	27.00	0
119171.9	27.00	0
119187.5	26.25	0
119203.1	26.25	0
119218.8	25.50	0
119234.4	25.50	0
119250.0	24.75	0
119265.6	24.75	0
119281.2	24.00	0
119296.9	24.00	0
119312.5	23.25	0
119328.1	22.50	0
119343.8	22.50	0
119359.4	21.75	0
119375.0	21.75	0
119390.6	21.00	0
119406.2	20.25	0
119421.9	19.50	0
119437.5	19.50	0
119453.1	18.75	0
119468.8	18.00	0
119484.4	18.00	0
119500.0	17.25	0
119515.6	16.50	0
119531.2	15.75	0
119546.9	15.00	0
119562.5	14.25	0
119578.1	14.25	0
119593.8	13.50	0
119609.4	12.75	0
119625.0	12.00	0
119640.6	11.25	0
119656.2	10.50	0
119671.9	10.50	0
119687.5	9.00	0
119703.1	8.25	0
119718.8	8.25	0
119734.4	7.50	0
119750.0	6.75	0
119765.6	6.00	0
119781.2	5.25	0
119796.9	4.50	0
119812.5	3.75	0
119828.1	3.00	0
119843.8	2.25	0
119859.4	1.50	0
119875.0	0.75	0
119890.6	-0.75	0
119906.2	-0.75	0
119921.9	-1.50	0
119937.5	-2.25	0
119953.1	-3.00	0
119968.8	-3.75	0
119984.4	-4.50	0
120000.0	-5.25	0
120015.6	-6.00	0
120031.2	-6.75	0
120046.9	-7.50	0
120062.5	-7.50	0
120078.1	-8.25	0
120093.8	-9.00	0
120109.4	-9.75	0
120125.0	-10.50	0
120140.6	-11.25	0
120156.2	-12.00	0
120171.9	-12.00	0
120187.5	-12.75	0
120203.1	-13.50	0
120218.8	-14.25	0
120234.4	-14.25	0
120250.0	-15.00	0
120265.6	-15.75	0
120281.2	-15.75	0
120296.9	-16.50	0
120312.5	-17.25	0
120328.1	-18.00	0
120343.8	-18.00	0
120359.4	-18.75	0
120375.0	-18.75	0
120390.6	-19.50	0
120406.2	-20.25	0
120421.9	-20.25	0
120437.5	-21.00	0
120453.1	-21.00	0
120468.8	-21.75	0
120484.4	-21.75	0
120500.0	-22.50	0
120515.6	-22.50	0
120531.2	-22.50	0
120546.9	-23.25	0
120562.5	-23.25	0
120578.1	-24.00	0
120593.8	-24.00	0
120609.4	-24.00	0
120625.0	-24.00	0
120640.6	-24.75	0
120656.2	-24.75	0
120671.9	-24.75	0
120687.5	-24.75	0
120703.1	-24.75	0
120718.8	-25.50	0
120734.4	-25.50	0
120750.0	-25.50	0
120765.6	-25.50	0
120781.2	-25.50	0
120796.9	-25.50	0
120812.5	-25.50	0
120828.1	-25.50	0
120843.8	-25.50	0
120859.4	-25.50	0
120875.0	-25.50	0
120890.6	-25.50	0
120906.2	-25.50	0
120921.9	-25.50	0
120937.5	-25.50	0
120953.1	-24.75	0
120968.8	-24.75	0
120984.4	-24.75	0
121000.0	-24.75	0
121015.6	-24.00	0
121031.2	-24.00	0
121046.9	-24.00	0
121062.5	-23.25	0
121078.1	-23.25	0
121093.8	-23.25	0
121109.4	-22.50	0
121125.0	-22.50	0
121140.6	-21.75	0
121156.2	-21.75	0
121171.9	-21.00	0
121187.5	-21.00	0
121203.1	-20.25	0
121218.8	-19.50	0
121234.4	-19.50	0
121250.0	-18.75	0
121265.6	-18.75	0
121281.2	-18.00	0
121296.9	-17.25	0
121312.5	-17.25	0
121328.1	-16.50	0
121343.8	-15.75	0
121359.4	-15.75	0
121375.0	-15.00	0
121390.6	-14.25	0
121406.2	-13.50	0
121421.9	-13.50	0
121437.5	-12.75	0
121453.1	-12.00	0
121468.8	-11.25	0
121484.4	-10.50	0
121500.0	-10.50	0
121515.6	-9.75	0
121531.2	-9.00	0
121546.9	-8.25	0
121562.5	-7.50	0
121578.1	-6.75	0
121593.8	-6.00	0
121609.4	-6.00	0
121625.0	-5.25	0
121640.6	-4.50	0
121656.2	-3.75	0
121671.9	-3.00	1
121687.5	-2.25	0
121703.1	-1.50	0
121718.8	-0.75	0
121734.4	0.75	0
121750.0	0.75	0
121765.6	1.50	0
121781.2	2.25	0
121796.9	3.00	0
121812.5	3.75	0
121828.1	4.50	0
121843.8	5.25	0
121859.4	6.00	0
121875.0	6.75	0
121890.6	7.50	0
121906.2	7.50	0
121921.9	8.25	0
121937.5	9.00	0
121953.1	9.75	0
121968.8	10.50	0
121984.4	11.25	0
122000.0	12.00	0
122015.6	12.75	0
122031.2	12.75	0
122046.9	13.50	0
122062.5	14.25	0
122078.1	15.00	0
122093.8	15.75	0
122109.4	16.50	0
122125.0	16.50	0
122140.6	17.25	0
122156.2	18.00	0
122171.9	18.00	0
122187.5	18.75	0
122203.1	19.50	0
122218.8	20.25	0
122234.4	20.25	0
122250.0	21.00	0
122265.6	21.75	0
122281.2	21.75	0
122296.9	22.50	0
122312.5	22.50	0
122328.1	23.25	0
122343.8	24.00	0
122359.4	24.00	0
122375.0	24.75	0
122390.6	24.75	0
122406.2	25.50	0
122421.9	25.50	0
122437.5	26.25	0
122453.1	26.25	0
122468.8	26.25	0
122484.4	27.00	0
122500.0	27.00	0
122515.6	27.75	0
122531.2	27.75	0
122546.9	27.75	0
122562.5	27.75	0
122578.1	28.50	0
122593.8	28.50	0
122609.4	28.50	0
122625.0	29.25	0
122640.6	29.25	0
122656.2	29.25	0
122671.9	29.25	0
122687.5	29.25	0
122703.1	29.25	0
122718.8	29.25	0
122734.4	29.25	0
122750.0	29.25	0
122765.6	29.25	0
122781.2	29.25	0
122796.9	29.25	0
122812.5	29.25	0
122828.1	29.25	0
122843.8	29.25	0
122859.4	29.25	0
122875.0	28.50	0
122890.6	28.50	0
122906.2	28.50	0
122921.9	28.50	0
122937.5	28.50	0
122953.1	27.75	0
122968.8	27.75	0
122984.4	27.75	0
123000.0	27.75	0
123015.6	27.00	0
123031.2	27.00	0
123046.9	26.25	0
123062.5	26.25	0
123078.1	26.25	0
123093.8	25.50	0
123109.4	25.50	0
123125.0	24.75	0
123140.6	24.75	0
123156.2	24.00	0
123171.9	24.00	0
123187.5	23.25	0
123203.1	23.25	0
123218.8	22.50	0
123234.4	22.50	0
123250.0	21.75	0
123265.6	21.00	0
123281.2	20.25	0
123296.9	20.25	0
123312.5	19.50	0
123328.1	18.75	0
123343.8	18.75	0
123359.4	18.00	0
123375.0	17.25	0
123390.6	16.50	0
123406.2	16.50	0
123421.9	15.75	0
123437.5	15.00	0
123453.1	14.25	0
123468.8	13.50	0
123484.4	13.50	0
123500.0	12.75	0
123515.6	12.00	0
123531.2	11.25	0
123546.9	10.50	0
123562.5	9.75	0
123578.1	9.75	0
123593.8	9.00	0
123609.4	8.25	0
123625.0	7.50	0
123640.6	6.75	0
123656.2	6.00	0
123671.9	5.25	0
123687.5	4.50	0
123703.1	3.75	0
123718.8	3.00	0
123734.4	2.25	0
123750.0	1.50	0
123765.6	0.75	0
123781.2	0.00	0
123812.5	-0.75	0
123828.1	-1.50	0
123843.8	-2.25	0
123859.4	-3.00	0
123875.0	-3.75	0
123890.6	-4.50	0
123906.2	-5.25	0
123921.9	-6.00	0
123937.5	-6.75	0
123953.1	-6.75	0
123968.8	-7.50	0
123984.4	-8.25	0
124000.0	-9.00	0
124015.6	-9.75	0
124031.2	-10.50	0
124046.9	-11.25	0
124062.5	-11.25	0
124078.1	-12.00	0
124093.8	-12.75	0
124109.4	-13.50	0
124125.0	-14.25	0
124140.6	-14.25	0
124156.2	-15.00	0
124171.9	-15.75	0
124187.5	-16.50	0
124203.1	-16.50	0
124218.8	-17.25	0
124234.4	-17.25	0
124250.0	-18.00	0
124265.6	-18.75	0
124281.2	-18.75	0
124296.9	-19.50	0
124312.5	-20.25	0
124328.1	-20.25	0
124343.8	-21.00	0
124359.4	-21.00	0
124375.0	-21.75	0
124390.6	-21.75	0
124406.2	-22.50	0
124421.9	-22.50	0
124437.5	-22.50	0
124453.1	-23.25	0
124468.8	-23.25	0
124484.4	-24.00	0
124500.0	-24.00	0
124515.6	-24.00	0
124531.2	-24.75	0
124546.9	-24.75	0
124562.5	-24.75	0
124578.1	-24.75	0
124593.8	-24.75	0
124609.4	-25.50	0
124625.0	-25.50	0
124640.6	-25.50	0
124656.2	-25.50	0
124671.9	-25.50	0
124687.5	-25.50	0
124703.1	-25.50	0
124718.8	-25.50	0
124734.4	-25.50	0
124750.0	-25.50	0
124765.6	-25.50	0
124781.2	-25.50	0
124796.9	-25.50	0
124812.5	-25.50	0
124828.1	-25.50	0
124843.8	-25.50	0
124859.4	-24.75	0
124875.0	-24.75	0
124890.6	-24.75	0
124906.2	-24.75	0
124921.9	-24.00	0
124937.5	-24.00	0
124953.1	-24.00	0
124968.8	-23.25	0
124984.4	-23.25	0
125000.0	-23.25	0
125015.6	-22.50	0
125031.2	-22.50	0
125046.9	-21.75	0
125062.5	-21.75	0
125078.1	-21.00	0
125093.8	-21.00	0
125109.4	-20.25	0
125125.0	-20.25	0
125140.6	-19.50	0
125156.2	-18.75	0
125171.9	-18.75	0
125187.5	-18.00	0
125203.1	-17.25	0
125218.8	-17.25	0
125234.4	-16.50	0
125250.0	-15.75	0
125265.6	-15.75	0
125281.2	-15.00	0
125296.9	-14.25	0
125312.5	-13.50	0
125328.1	-13.50	0
125343.8	-12.75	0
125359.4	-12.00	0
125375.0	-11.25	0
125390.6	-10.50	0
125406.2	-10.50	0
125421.9	-9.75	0
125437.5	-9.00	0
125453.1	-8.25	0
125468.8	-7.50	0
125484.4	-6.75	0
125500.0	-6.00	0
125515.6	-5.25	0
125531.2	-5.25	0
125546.9	-4.50	0
125562.5	-3.75	1
125578.1	-3.00	0
125593.8	-2.25	0
125609.4	-1.50	0
125625.0	-0.75	0
125640.6	0.75	0
125656.2	1.50	0
125671.9	2.25	0
125687.5	3.00	0
125703.1	3.75	0
125718.8	3.75	0
125734.4	4.50	0
125750.0	5.25	0
125765.6	6.00	0
125781.2	6.75	0
125796.9	7.50	0
125812.5	8.25	0
125828.1	9.00	0
125843.8	9.75	0
125859.4	10.50	0
125875.0	10.50	0
125890.6	11.25	0
125906.2	12.00	0
125921.9	12.75	0
125937.5	13.50	0
125953.1	14.25	0
125968.8	14.25	0
125984.4	15.00	0
126000.0	15.75	0
126015.6	16.50	0
126031.2	17.25	0
126046.9	18.00	0
126062.5	18.00	0
126078.1	18.75	0
126093.8	19.50	0
126109.4	19.50	0
126125.0	20.25	0
126140.6	21.00	0
126156.2	21.00	0
126171.9	21.75	0
126187.5	22.50	0
126203.1	22.50	0
126218.8	23.25	0
126234.4	23.25	0
126250.0	24.00	0
126265.6	24.75	0
126281.2	24.75	0
126296.9	25.50	0
126312.5	25.50	0
126328.1	26.25	0
126343.8	26.25	0
126359.4	27.00	0
126375.0	27.00	0
126390.6	27.00	0
126406.2	27.75	0
126421.9	27.75	0
126437.5	27.75	0
126453.1	28.50	0
126468.8	28.50	0
126484.4	28.50	0
126500.0	29.25	0
126515.6	29.25	0
126531.2	29.25	0
126546.9	29.25	0
126562.5	29.25	0
126578.1	30.00	0
126593.8	30.00	0
126609.4	30.00	0
126625.0	30.00	0
126640.6	30.00	0
126656.2	30.00	0
126671.9	30.00	0
126687.5	30.00	0
126703.1	30.00	0
126718.8	30.00	0
126734.4	30.00	0
126750.0	30.00	0
126765.6	30.00	0
126781.2	30.00	0
126796.9	30.00	0
126812.5	29.25	0
126828.1	29.25	0
126843.8	29.25	0
126859.4	29.25	0
126875.0	28.50	0
126890.6	28.50	0
126906.2	28.50	0
126921.9	27.75	0
126937.5	27.75	0
126953.1	27.75	0
126968.8	27.00	0
126984.4	27.00	0
127000.0	26.25	0
127015.6	26.25	0
127031.2	25.50	0
127046.9	25.50	0
127062.5	24.75	0
127078.1	24.75	0
127093.8	24.00	0
127109.4	24.00	0
127125.0	23.25	0
127140.6	22.50	0
127156.2	22.50	0
127171.9	21.75	0
127187.5	21.00	0
127203.1	20.25	0
127218.8	20.25	0
127234.4	19.50	0
127250.0	18.75	0
127265.6	18.75	0
127281.2	18.00	0
127296.9	17.25	0
127312.5	16.50	0
127328.1	15.75	0
127343.8	15.00	0
127359.4	15.00	0
127375.0	14.25	0
127390.6	13.50	0
127406.2	12.75	0
127421.9	12.00	0
127437.5	11.25	0
127453.1	10.50	0
