26781.2	-8.25	0
26796.9	-8.25	0
26812.5	-8.25	0
26828.1	-8.25	0
26843.8	-8.25	0
26859.4	-8.25	0
26875.0	-7.50	0
26890.6	-7.50	0
26906.2	-7.50	0
26921.9	-7.50	0
26937.5	-7.50	0
26953.1	-7.50	0
26968.8	-6.75	0
26984.4	-6.75	0
27000.0	-6.75	0
27015.6	-6.75	0
27031.2	-6.75	0
27046.9	-6.75	0
27062.5	-6.00	0
27078.1	-6.00	0
27093.8	-6.00	0
27109.4	-6.00	0
27125.0	-6.00	0
27140.6	-6.00	0
27156.2	-6.00	0
27171.9	-5.25	0
27187.5	-5.25	0
27203.1	-5.25	0
27218.8	-5.25	0
27234.4	-5.25	0
27250.0	-4.50	0
27265.6	-4.50	0
27281.2	-4.50	0
27296.9	-4.50	0
27312.5	-4.50	0
27328.1	-4.50	0
27343.8	-3.75	0
27359.4	-3.75	0
27375.0	-3.75	0
27390.6	-3.75	0
27406.2	-3.75	0
27421.9	-3.00	0
27437.5	-3.00	0
27453.1	-3.00	0
27468.8	-3.00	0
27484.4	-3.00	0
27500.0	-2.25	0
27515.6	-2.25	0
27531.2	-2.25	0
27546.9	-2.25	1
27562.5	-2.25	0
27578.1	-1.50	0
27593.8	-1.50	0
27609.4	-1.50	0
27625.0	-1.50	0
27640.6	0.00	0
27656.2	0.75	0
27671.9	0.75	0
27687.5	0.75	0
27703.1	0.75	0
27718.8	0.75	0
27734.4	1.50	0
27750.0	1.50	0
27765.6	1.50	0
27781.2	1.50	0
27796.9	1.50	0
27812.5	2.25	0
27828.1	2.25	0
27843.8	2.25	0
27859.4	2.25	0
27875.0	2.25	0
27890.6	3.00	0
27906.2	3.00	0
27921.9	3.00	0
27937.5	3.00	0
27953.1	3.00	0
27968.8	3.75	0
27984.4	3.75	0
28000.0	3.75	0
28015.6	3.75	0
28031.2	3.75	0
28046.9	4.50	0
28062.5	4.50	0
28078.1	4.50	0
28093.8	4.50	0
28109.4	4.50	0
28125.0	5.25	0
28140.6	5.25	0
28156.2	5.25	0
28171.9	5.25	0
28187.5	6.00	0
28203.1	6.00	0
28218.8	6.00	0
28234.4	6.00	0
28250.0	6.00	0
28265.6	6.75	0
28281.2	6.75	0
28296.9	6.75	0
28312.5	6.75	0
28328.1	6.75	0
28343.8	7.50	0
28359.4	7.50	0
28375.0	7.50	0
28390.6	7.50	0
28406.2	7.50	0
28421.9	8.25	0
28437.5	8.25	0
28453.1	8.25	0
28468.8	8.25	0
28484.4	8.25	0
28500.0	8.25	0
28515.6	9.00	0
28531.2	9.00	0
28546.9	9.00	0
28562.5	9.00	0
28578.1	9.00	0
28593.8	9.75	0
28609.4	9.75	0
28625.0	9.75	0
28640.6	9.75	0
28656.2	9.75	0
28671.9	10.50	0
28687.5	10.50	0
28703.1	10.50	0
28718.8	10.50	0
28734.4	10.50	0
28750.0	10.50	0
28765.6	11.25	0
28781.2	11.25	0
28796.9	11.25	0
28812.5	11.25	0
28828.1	11.25	0
28843.8	11.25	0
28859.4	12.00	0
28875.0	12.00	0
28890.6	12.00	0
28906.2	12.00	0
28921.9	12.00	0
28937.5	12.00	0
28953.1	12.00	0
28968.8	12.75	0
28984.4	12.75	0
29000.0	12.75	0
29015.6	12.75	0
29031.2	12.75	0
29046.9	12.75	0
29062.5	12.75	0
29078.1	13.50	0
29093.8	13.50	0
29109.4	13.50	0
29125.0	13.50	0
29140.6	13.50	0
29156.2	13.50	0
29171.9	13.50	0
29187.5	13.50	0
29203.1	14.25	0
29218.8	14.25	0
29234.4	14.25	0
29250.0	14.25	0
29265.6	14.25	0
29281.2	14.25	0
29296.9	14.25	0
29312.5	14.25	0
29328.1	14.25	0
29343.8	14.25	0
29359.4	14.25	0
29375.0	15.00	0
29390.6	15.00	0
29406.2	15.00	0
29421.9	15.00	0
29437.5	15.00	0
29453.1	15.00	0
29468.8	15.00	0
29484.4	15.00	0
29500.0	15.00	0
29515.6	15.00	0
29531.2	15.00	0
29546.9	15.00	0
29562.5	15.00	0
29578.1	15.00	0
29593.8	15.00	0
29609.4	15.00	0
29625.0	15.75	0
29640.6	15.75	0
29656.2	15.75	0
29671.9	15.75	0
29687.5	15.75	0
29703.1	15.75	0
29718.8	15.75	0
29734.4	15.75	0
29750.0	15.75	0
29765.6	15.75	0
29781.2	15.75	0
29796.9	15.75	0
29812.5	15.75	0
29828.1	15.75	0
29843.8	15.75	0
29859.4	15.75	0
29875.0	15.75	0
29890.6	15.75	0
29906.2	15.75	0
29921.9	15.75	0
29937.5	15.75	0
29953.1	15.75	0
29968.8	15.75	0
29984.4	15.75	0
30000.0	15.75	0
30015.6	15.75	0
30031.2	15.75	0
30046.9	15.75	0
30062.5	15.75	0
30078.1	15.75	0
30093.8	15.75	0
30109.4	15.75	0
30125.0	15.75	0
30140.6	15.75	0
30156.2	15.75	0
30171.9	15.75	0
30187.5	15.75	0
30203.1	15.75	0
30218.8	15.75	0
30234.4	15.75	0
30250.0	15.75	0
30265.6	15.75	0
30281.2	15.75	0
30296.9	15.75	0
30312.5	15.75	0
30328.1	15.75	0
30343.8	15.75	0
30359.4	15.00	0
30375.0	15.00	0
30390.6	15.00	0
30406.2	15.00	0
30421.9	15.00	0
30437.5	15.00	0
30453.1	15.00	0
30468.8	15.00	0
30484.4	15.00	0
30500.0	14.25	0
30515.6	14.25	0
30531.2	14.25	0
30546.9	14.25	0
30562.5	14.25	0
30578.1	14.25	0
30593.8	14.25	0
30609.4	14.25	0
30625.0	13.50	0
30640.6	13.50	0
30656.2	13.50	0
30671.9	13.50	0
30687.5	13.50	0
30703.1	13.50	0
30718.8	13.50	0
30734.4	12.75	0
30750.0	12.75	0
30765.6	12.75	0
30781.2	12.75	0
30796.9	12.75	0
30812.5	12.75	0
30828.1	12.00	0
30843.8	12.00	0
30859.4	12.00	0
30875.0	12.00	0
30890.6	12.00	0
30906.2	12.00	0
30921.9	11.25	0
30937.5	11.25	0
30953.1	11.25	0
30968.8	11.25	0
30984.4	11.25	0
31000.0	11.25	0
31015.6	10.50	0
31031.2	10.50	0
31046.9	10.50	0
31062.5	10.50	0
31078.1	10.50	0
31093.8	10.50	0
31109.4	9.75	0
31125.0	9.75	0
31140.6	9.75	0
31156.2	9.75	0
31171.9	9.75	0
31187.5	9.75	0
31203.1	9.00	0
31218.8	9.00	0
31234.4	9.00	0
31250.0	9.00	0
31265.6	9.00	0
31281.2	9.00	0
31296.9	8.25	0
31312.5	8.25	0
31328.1	8.25	0
31343.8	8.25	0
31359.4	8.25	0
31375.0	7.50	0
31390.6	7.50	0
31406.2	7.50	0
31421.9	7.50	0
31437.5	7.50	0
31453.1	7.50	0
31468.8	6.75	0
31484.4	6.75	0
31500.0	6.75	0
31515.6	6.75	0
31531.2	6.75	0
31546.9	6.00	0
31562.5	6.00	0
31578.1	6.00	0
31593.8	6.00	0
31609.4	6.00	0
31625.0	5.25	0
31640.6	5.25	0
31656.2	5.25	0
31671.9	5.25	0
31687.5	5.25	0
31703.1	5.25	0
31718.8	4.50	0
31734.4	4.50	0
31750.0	4.50	0
31765.6	4.50	0
31781.2	4.50	0
31796.9	3.75	0
31812.5	3.75	0
31828.1	3.75	0
31843.8	3.75	0
31859.4	3.75	0
31875.0	3.00	0
31890.6	3.00	0
31906.2	3.00	0
31921.9	3.00	0
31937.5	3.00	0
31953.1	2.25	0
31968.8	2.25	0
31984.4	2.25	0
32000.0	2.25	0
32015.6	2.25	0
32031.2	1.50	0
32046.9	1.50	0
32062.5	0.00	0
32078.1	0.00	0
32093.8	0.00	0
32109.4	-0.75	0
32125.0	-0.75	0
32140.6	-0.75	0
32156.2	-0.75	0
32171.9	-0.75	0
32187.5	-1.50	0
32203.1	-1.50	0
32218.8	-1.50	0
32234.4	-1.50	0
32250.0	-1.50	0
32265.6	-2.25	0
32281.2	-2.25	0
32296.9	-2.25	0
32312.5	-2.25	0
32328.1	-2.25	0
32343.8	-3.00	0
32359.4	-3.00	0
32375.0	-3.00	0
32390.6	-3.00	0
32406.2	-3.00	0
32421.9	-3.75	0
32437.5	-3.75	0
32453.1	-3.75	0
32468.8	-3.75	0
32484.4	-3.75	0
32500.0	-3.75	0
32515.6	-4.50	0
32531.2	-4.50	0
32546.9	-4.50	0
32562.5	-4.50	0
32578.1	-4.50	0
32593.8	-5.25	0
32609.4	-5.25	0
32625.0	-5.25	0
32640.6	-5.25	0
32656.2	-5.25	0
32671.9	-5.25	0
32687.5	-6.00	0
32703.1	-6.00	0
32718.8	-6.00	0
32734.4	-6.00	0
32750.0	-6.00	0
32765.6	-6.00	0
32781.2	-6.75	0
32796.9	-6.75	0
32812.5	-6.75	0
32828.1	-6.75	0
32843.8	-6.75	0
32859.4	-6.75	0
32875.0	-6.75	0
32890.6	-7.50	0
32906.2	-7.50	0
32921.9	-7.50	0
32937.5	-7.50	0
32953.1	-7.50	0
32968.8	-7.50	0
32984.4	-7.50	0
33000.0	-8.25	0
33015.6	-8.25	0
33031.2	-8.25	0
33046.9	-8.25	0
33062.5	-8.25	0
33078.1	-8.25	0
33093.8	-8.25	0
33109.4	-8.25	0
33125.0	-9.00	0
33140.6	-9.00	0
33156.2	-9.00	0
33171.9	-9.00	0
33187.5	-9.00	0
33203.1	-9.00	0
33218.8	-9.00	0
33234.4	-9.00	0
33250.0	-9.00	0
33265.6	-9.75	0
33281.2	-9.75	0
33296.9	-9.75	0
33312.5	-9.75	0
33328.1	-9.75	0
33343.8	-9.75	0
33359.4	-9.75	0
33375.0	-9.75	0
33390.6	-9.75	0
33406.2	-9.75	0
33421.9	-9.75	0
33437.5	-9.75	0
33453.1	-10.50	0
33468.8	-10.50	0
33484.4	-10.50	0
33500.0	-10.50	0
33515.6	-10.50	0
33531.2	-10.50	0
33546.9	-10.50	0
33562.5	-10.50	0
33578.1	-10.50	0
33593.8	-10.50	0
33609.4	-10.50	0
33625.0	-10.50	0
33640.6	-10.50	0
33656.2	-10.50	0
33671.9	-10.50	0
33687.5	-10.50	0
33703.1	-10.50	0
33718.8	-10.50	0
33734.4	-10.50	0
33750.0	-10.50	0
33765.6	-10.50	0
33781.2	-10.50	0
33796.9	-10.50	0
33812.5	-10.50	0
33828.1	-10.50	0
33843.8	-10.50	0
33859.4	-10.50	0
33875.0	-10.50	0
33890.6	-10.50	0
33906.2	-10.50	0
33921.9	-10.50	0
33937.5	-10.50	0
33953.1	-10.50	0
33968.8	-10.50	0
33984.4	-10.50	0
34000.0	-10.50	0
34015.6	-10.50	0
34031.2	-10.50	0
34046.9	-10.50	0
34062.5	-10.50	0
34078.1	-10.50	0
34093.8	-10.50	0
34109.4	-10.50	0
34125.0	-10.50	0
34140.6	-10.50	0
34156.2	-10.50	0
34171.9	-10.50	0
34187.5	-10.50	0
34203.1	-10.50	0
34218.8	-10.50	0
34234.4	-10.50	0
34250.0	-10.50	0
34265.6	-10.50	0
34281.2	-10.50	0
34296.9	-10.50	0
34312.5	-10.50	0
34328.1	-10.50	0
34343.8	-10.50	0
34359.4	-10.50	0
34375.0	-10.50	0
34390.6	-10.50	0
34406.2	-10.50	0
34421.9	-10.50	0
34437.5	-10.50	0
34453.1	-10.50	0
34468.8	-10.50	0
34484.4	-10.50	0
34500.0	-10.50	0
34515.6	-10.50	0
34531.2	-10.50	0
34546.9	-10.50	0
34562.5	-10.50	0
34578.1	-10.50	0
34593.8	-10.50	0
34609.4	-10.50	0
34625.0	-10.50	0
34640.6	-10.50	0
34656.2	-10.50	0
34671.9	-10.50	0
34687.5	-10.50	0
34703.1	-10.50	0
34718.8	-10.50	0
34734.4	-10.50	0
34750.0	-10.50	0
34765.6	-9.75	0
34781.2	-9.75	0
34796.9	-9.75	0
34812.5	-9.75	0
34828.1	-9.75	0
34843.8	-9.75	0
34859.4	-9.75	0
34875.0	-9.75	0
34890.6	-9.75	0
34906.2	-9.75	0
34921.9	-9.75	0
34937.5	-9.00	0
34953.1	-9.00	0
34968.8	-9.00	0
34984.4	-9.00	0
35000.0	-9.00	0
35015.6	-9.00	0
35031.2	-9.00	0
35046.9	-9.00	0
35062.5	-9.00	0
35078.1	-8.25	0
35093.8	-8.25	0
35109.4	-8.25	0
35125.0	-8.25	0
35140.6	-8.25	0
35156.2	-8.25	0
35171.9	-8.25	0
35187.5	-8.25	0
35203.1	-7.50	0
35218.8	-7.50	0
35234.4	-7.50	0
35250.0	-7.50	0
35265.6	-7.50	0
35281.2	-7.50	0
35296.9	-7.50	0
35312.5	-6.75	0
35328.1	-6.75	0
35343.8	-6.75	0
35359.4	-6.75	0
35375.0	-6.75	0
35390.6	-6.75	0
35406.2	-6.75	0
35421.9	-6.00	0
35437.5	-6.00	0
35453.1	-6.00	0
35468.8	-6.00	0
35484.4	-6.00	0
35500.0	-6.00	0
35515.6	-6.00	0
35531.2	-5.25	0
35546.9	-5.25	0
35562.5	-5.25	0
35578.1	-5.25	0
35593.8	-5.25	0
35609.4	-5.25	0
35625.0	-4.50	0
35640.6	-4.50	0
35656.2	-4.50	0
35671.9	-4.50	0
35687.5	-4.50	0
35703.1	-3.75	0
35718.8	-3.75	0
35734.4	-3.75	0
35750.0	-3.75	0
35765.6	-3.75	0
35781.2	-3.75	0
35796.9	-3.00	0
35812.5	-3.00	0
35828.1	-3.00	0
35843.8	-3.00	0
35859.4	-3.00	0
35875.0	-2.25	1
35890.6	-2.25	0
35906.2	-2.25	0
35921.9	-2.25	0
35937.5	-2.25	0
35953.1	-1.50	0
35968.8	-1.50	0
35984.4	-1.50	0
36000.0	-1.50	0
36015.6	0.00	0
36031.2	0.75	0
36046.9	0.75	0
36062.5	0.75	0
36078.1	0.75	0
36093.8	0.75	0
36109.4	1.50	0
36125.0	1.50	0
36140.6	1.50	0
36156.2	1.50	0
36171.9	1.50	0
36187.5	2.25	0
36203.1	2.25	0
36218.8	2.25	0
36234.4	2.25	0
36250.0	2.25	0
36265.6	3.00	0
36281.2	3.00	0
36296.9	3.00	0
36312.5	3.00	0
36328.1	3.75	0
36343.8	3.75	0
36359.4	3.75	0
36375.0	3.75	0
36390.6	3.75	0
36406.2	4.50	0
36421.9	4.50	0
36437.5	4.50	0
36453.1	4.50	0
36468.8	4.50	0
36484.4	5.25	0
36500.0	5.25	0
36515.6	5.25	0
36531.2	5.25	0
36546.9	5.25	0
36562.5	6.00	0
36578.1	6.00	0
36593.8	6.00	0
36609.4	6.00	0
36625.0	6.00	0
36640.6	6.75	0
36656.2	6.75	0
36671.9	6.75	0
36687.5	6.75	0
36703.1	6.75	0
36718.8	7.50	0
36734.4	7.50	0
36750.0	7.50	0
36765.6	7.50	0
36781.2	7.50	0
36796.9	8.25	0
36812.5	8.25	0
36828.1	8.25	0
36843.8	8.25	0
36859.4	8.25	0
36875.0	9.00	0
36890.6	9.00	0
36906.2	9.00	0
36921.9	9.00	0
36937.5	9.00	0
36953.1	9.00	0
36968.8	9.75	0
36984.4	9.75	0
37000.0	9.75	0
37015.6	9.75	0
37031.2	9.75	0
37046.9	10.50	0
37062.5	10.50	0
37078.1	10.50	0
37093.8	10.50	0
37109.4	10.50	0
37125.0	10.50	0
37140.6	11.25	0
37156.2	11.25	0
37171.9	11.25	0
37187.5	11.25	0
37203.1	11.25	0
37218.8	11.25	0
37234.4	11.25	0
37250.0	12.00	0
37265.6	12.00	0
37281.2	12.00	0
37296.9	12.00	0
37312.5	12.00	0
37328.1	12.00	0
37343.8	12.75	0
37359.4	12.75	0
37375.0	12.75	0
37390.6	12.75	0
37406.2	12.75	0
37421.9	12.75	0
37437.5	12.75	0
37453.1	12.75	0
37468.8	13.50	0
37484.4	13.50	0
37500.0	13.50	0
37515.6	13.50	0
37531.2	13.50	0
37546.9	13.50	0
37562.5	13.50	0
37578.1	13.50	0
37593.8	13.50	0
37609.4	14.25	0
37625.0	14.25	0
37640.6	14.25	0
37656.2	14.25	0
37671.9	14.25	0
37687.5	14.25	0
37703.1	14.25	0
37718.8	14.25	0
37734.4	14.25	0
37750.0	14.25	0
37765.6	14.25	0
37781.2	15.00	0
37796.9	15.00	0
37812.5	15.00	0
37828.1	15.00	0
37843.8	15.00	0
37859.4	15.00	0
37875.0	15.00	0
37890.6	15.00	0
37906.2	15.00	0
37921.9	15.00	0
37937.5	15.00	0
37953.1	15.00	0
37968.8	15.00	0
37984.4	15.00	0
38000.0	15.00	0
38015.6	15.00	0
38031.2	15.00	0
38046.9	15.00	0
38062.5	15.75	0
38078.1	15.75	0
38093.8	15.75	0
38109.4	15.75	0
38125.0	15.75	0
38140.6	15.75	0
38156.2	15.75	0
38171.9	15.75	0
38187.5	15.75	0
38203.1	15.75	0
38218.8	15.75	0
38234.4	15.75	0
38250.0	15.75	0
38265.6	15.75	0
38281.2	15.75	0
38296.9	15.75	0
38312.5	15.75	0
38328.1	15.75	0
38343.8	15.75	0
38359.4	15.75	0
38375.0	15.75	0
38390.6	15.75	0
38406.2	15.75	0
38421.9	15.75	0
38437.5	15.75	0
38453.1	15.75	0
38468.8	15.75	0
38484.4	15.75	0
38500.0	15.75	0
38515.6	15.75	0
38531.2	15.75	0
38546.9	15.00	0
38562.5	15.00	0
38578.1	15.00	0
38593.8	15.00	0
38609.4	15.00	0
38625.0	15.00	0
38640.6	15.00	0
38656.2	15.00	0
38671.9	15.00	0
38687.5	15.00	0
38703.1	15.00	0
38718.8	14.25	0
38734.4	14.25	0
38750.0	14.25	0
38765.6	14.25	0
38781.2	14.25	0
38796.9	14.25	0
38812.5	14.25	0
38828.1	14.25	0
38843.8	14.25	0
38859.4	13.50	0
38875.0	13.50	0
38890.6	13.50	0
38906.2	13.50	0
38921.9	13.50	0
38937.5	13.50	0
38953.1	13.50	0
38968.8	13.50	0
38984.4	12.75	0
39000.0	12.75	0
39015.6	12.75	0
39031.2	12.75	0
39046.9	12.75	0
39062.5	12.75	0
39078.1	12.75	0
39093.8	12.00	0
39109.4	12.00	0
39125.0	12.00	0
39140.6	12.00	0
39156.2	12.00	0
39171.9	12.00	0
39187.5	11.25	0
39203.1	11.25	0
39218.8	11.25	0
39234.4	11.25	0
39250.0	11.25	0
39265.6	11.25	0
39281.2	10.50	0
39296.9	10.50	0
39312.5	10.50	0
39328.1	10.50	0
39343.8	10.50	0
39359.4	9.75	0
39375.0	9.75	0
39390.6	9.75	0
39406.2	9.75	0
39421.9	9.75	0
39437.5	9.00	0
39453.1	9.00	0
39468.8	9.00	0
39484.4	9.00	0
39500.0	9.00	0
39515.6	8.25	0
39531.2	8.25	0
39546.9	8.25	0
39562.5	8.25	0
39578.1	8.25	0
39593.8	7.50	0
39609.4	7.50	0
39625.0	7.50	0
39640.6	7.50	0
39656.2	7.50	0
39671.9	6.75	0
39687.5	6.75	0
39703.1	6.75	0
39718.8	6.75	0
39734.4	6.75	0
39750.0	6.00	0
39765.6	6.00	0
39781.2	6.00	0
39796.9	6.00	0
39812.5	6.00	0
39828.1	5.25	0
39843.8	5.25	0
39859.4	5.25	0
39875.0	5.25	0
39890.6	4.50	0
39906.2	4.50	0
39921.9	4.50	0
39937.5	4.50	0
39953.1	4.50	0
39968.8	3.75	0
39984.4	3.75	0
40000.0	3.75	0
40015.6	3.75	0
40031.2	3.75	0
40046.9	3.00	0
40062.5	3.00	0
40078.1	3.00	0
40093.8	3.00	0
40109.4	2.25	0
40125.0	2.25	0
40140.6	2.25	0
40156.2	2.25	0
40171.9	2.25	0
40187.5	1.50	0
40203.1	1.50	0
40218.8	1.50	0
40234.4	1.50	0
40250.0	1.50	0
40265.6	0.75	0
40281.2	0.75	0
40296.9	0.00	0
40312.5	0.00	0
40328.1	0.00	0
40343.8	-0.75	0
40359.4	-0.75	0
40375.0	-0.75	0
40390.6	-0.75	0
40406.2	-0.75	0
40421.9	-1.50	0
40437.5	-1.50	0
40453.1	-1.50	0
40468.8	-1.50	0
40484.4	-1.50	0
40500.0	-2.25	0
40515.6	-2.25	0
40531.2	-2.25	0
40546.9	-2.25	0
40562.5	-2.25	0
40578.1	-3.00	0
40593.8	-3.00	0
40609.4	-3.00	0
40625.0	-3.00	0
40640.6	-3.00	0
40656.2	-3.00	0
40671.9	-3.75	0
40687.5	-3.75	0
40703.1	-3.75	0
40718.8	-3.75	0
40734.4	-3.75	0
40750.0	-4.50	0
40765.6	-4.50	0
40781.2	-4.50	0
40796.9	-4.50	0
40812.5	-4.50	0
40828.1	-4.50	0
40843.8	-5.25	0
40859.4	-5.25	0
40875.0	-5.25	0
40890.6	-5.25	0
40906.2	-5.25	0
40921.9	-5.25	0
40937.5	-5.25	0
40953.1	-6.00	0
40968.8	-6.00	0
40984.4	-6.00	0
41000.0	-6.00	0
41015.6	-6.00	0
41031.2	-6.00	0
41046.9	-6.00	0
41062.5	-6.75	0
41078.1	-6.75	0
41093.8	-6.75	0
41109.4	-6.75	0
41125.0	-6.75	0
41140.6	-6.75	0
41156.2	-6.75	0
41171.9	-7.50	0
41187.5	-7.50	0
41203.1	-7.50	0
41218.8	-7.50	0
41234.4	-7.50	0
41250.0	-7.50	0
41265.6	-7.50	0
41281.2	-7.50	0
41296.9	-8.25	0
41312.5	-8.25	0
41328.1	-8.25	0
41343.8	-8.25	0
41359.4	-8.25	0
41375.0	-8.25	0
41390.6	-8.25	0
41406.2	-8.25	0
41421.9	-8.25	0
41437.5	-8.25	0
41453.1	-9.00	0
41468.8	-9.00	0
41484.4	-9.00	0
41500.0	-9.00	0
41515.6	-9.00	0
41531.2	-9.00	0
41546.9	-9.00	0
41562.5	-9.00	0
41578.1	-9.00	0
41593.8	-9.00	0
41609.4	-9.75	0
41625.0	-9.75	0
41640.6	-9.75	0
41656.2	-9.75	0
41671.9	-9.75	0
41687.5	-9.75	0
41703.1	-9.75	0
41718.8	-9.75	0
41734.4	-9.75	0
41750.0	-9.75	0
41765.6	-9.75	0
41781.2	-9.75	0
41796.9	-9.75	0
41812.5	-9.75	0
41828.1	-10.50	0
41843.8	-10.50	0
41859.4	-10.50	0
41875.0	-10.50	0
41890.6	-10.50	0
41906.2	-10.50	0
41921.9	-10.50	0
41937.5	-10.50	0
41953.1	-10.50	0
41968.8	-10.50	0
41984.4	-10.50	0
42000.0	-10.50	0
42015.6	-10.50	0
42031.2	-10.50	0
42046.9	-10.50	0
42062.5	-10.50	0
42078.1	-10.50	0
42093.8	-10.50	0
42109.4	-10.50	0
42125.0	-10.50	0
42140.6	-10.50	0
42156.2	-10.50	0
42171.9	-10.50	0
42187.5	-10.50	0
42203.1	-10.50	0
42218.8	-10.50	0
42234.4	-10.50	0
42250.0	-10.50	0
42265.6	-10.50	0
42281.2	-10.50	0
42296.9	-10.50	0
42312.5	-10.50	0
42328.1	-10.50	0
42343.8	-10.50	0
42359.4	-10.50	0
42375.0	-10.50	0
42390.6	-10.50	0
42406.2	-10.50	0
42421.9	-10.50	0
42437.5	-10.50	0
42453.1	-10.50	0
42468.8	-10.50	0
42484.4	-10.50	0
42500.0	-10.50	0
42515.6	-10.50	0
42531.2	-10.50	0
42546.9	-10.50	0
42562.5	-10.50	0
42578.1	-10.50	0
42593.8	-10.50	0
42609.4	-10.50	0
42625.0	-10.50	0
42640.6	-10.50	0
42656.2	-10.50	0
42671.9	-10.50	0
42687.5	-10.50	0
42703.1	-10.50	0
42718.8	-10.50	0
42734.4	-10.50	0
42750.0	-10.50	0
42765.6	-10.50	0
42781.2	-10.50	0
42796.9	-10.50	0
42812.5	-10.50	0
42828.1	-10.50	0
42843.8	-10.50	0
42859.4	-10.50	0
42875.0	-10.50	0
42890.6	-10.50	0
42906.2	-10.50	0
42921.9	-10.50	0
42937.5	-10.50	0
42953.1	-10.50	0
42968.8	-10.50	0
42984.4	-10.50	0
43000.0	-10.50	0
43015.6	-10.50	0
43031.2	-10.50	0
43046.9	-10.50	0
43062.5	-9.75	0
43078.1	-9.75	0
43093.8	-9.75	0
43109.4	-9.75	0
43125.0	-9.75	0
43140.6	-9.75	0
43156.2	-9.75	0
43171.9	-9.75	0
43187.5	-9.75	0
43203.1	-9.00	0
43218.8	-9.00	0
43234.4	-9.00	0
43250.0	-9.00	0
43265.6	-9.00	0
43281.2	-9.00	0
43296.9	-9.00	0
43312.5	-9.00	0
43328.1	-8.25	0
43343.8	-8.25	0
43359.4	-8.25	0
43375.0	-8.25	0
43390.6	-8.25	0
43406.2	-8.25	0
43421.9	-8.25	0
43437.5	-7.50	0
43453.1	-7.50	0
43468.8	-7.50	0
43484.4	-7.50	0
43500.0	-7.50	0
43515.6	-7.50	0
43531.2	-7.50	0
43546.9	-6.75	0
43562.5	-6.75	0
43578.1	-6.75	0
43593.8	-6.75	0
43609.4	-6.75	0
43625.0	-6.75	0
43640.6	-6.00	0
43656.2	-6.00	0
43671.9	-6.00	0
43687.5	-6.00	0
43703.1	-6.00	0
43718.8	-6.00	0
43734.4	-5.25	0
43750.0	-5.25	0
43765.6	-5.25	0
43781.2	-5.25	0
43796.9	-5.25	0
43812.5	-5.25	0
43828.1	-4.50	0
43843.8	-4.50	0
43859.4	-4.50	0
43875.0	-4.50	0
43890.6	-4.50	0
43906.2	-4.50	0
43921.9	-3.75	0
43937.5	-3.75	0
43953.1	-3.75	0
43968.8	-3.75	0
43984.4	-3.75	0
44000.0	-3.75	0
44015.6	-3.00	0
44031.2	-3.00	0
44046.9	-3.00	0
44062.5	-3.00	0
44078.1	-3.00	0
44093.8	-2.25	0
44109.4	-2.25	0
44125.0	-2.25	0
44140.6	-2.25	1
44156.2	-2.25	0
44171.9	-1.50	0
44187.5	-1.50	0
44203.1	-1.50	0
44218.8	-1.50	0
44234.4	0.00	0
44250.0	0.75	0
44265.6	0.75	0
44281.2	0.75	0
44296.9	0.75	0
44312.5	0.75	0
44328.1	1.50	0
44343.8	1.50	0
44359.4	1.50	0
44375.0	1.50	0
44390.6	1.50	0
44406.2	2.25	0
44421.9	2.25	0
44437.5	2.25	0
44453.1	2.25	0
44468.8	2.25	0
44484.4	3.00	0
44500.0	3.00	0
44515.6	3.00	0
44531.2	3.00	0
44546.9	3.00	0
44562.5	3.75	0
44578.1	3.75	0
44593.8	3.75	0
44609.4	3.75	0
44625.0	3.75	0
44640.6	4.50	0
44656.2	4.50	0
44671.9	4.50	0
44687.5	4.50	0
44703.1	4.50	0
44718.8	5.25	0
44734.4	5.25	0
44750.0	5.25	0
44765.6	5.25	0
44781.2	5.25	0
44796.9	6.00	0
44812.5	6.00	0
44828.1	6.00	0
44843.8	6.00	0
44859.4	6.00	0
44875.0	6.75	0
44890.6	6.75	0
44906.2	6.75	0
44921.9	6.75	0
44937.5	6.75	0
44953.1	7.50	0
44968.8	7.50	0
44984.4	7.50	0
45000.0	7.50	0
45015.6	7.50	0
45031.2	8.25	0
45046.9	8.25	0
45062.5	8.25	0
45078.1	8.25	0
45093.8	8.25	0
45109.4	8.25	0
45125.0	9.00	0
45140.6	9.00	0
45156.2	9.00	0
45171.9	9.00	0
45187.5	9.00	0
45203.1	9.75	0
45218.8	9.75	0
45234.4	9.75	0
45250.0	9.75	0
45265.6	9.75	0
45281.2	9.75	0
45296.9	10.50	0
45312.5	10.50	0
45328.1	10.50	0
45343.8	10.50	0
45359.4	10.50	0
45375.0	10.50	0
45390.6	11.25	0
45406.2	11.25	0
45421.9	11.25	0
45437.5	11.25	0
45453.1	11.25	0
45468.8	11.25	0
45484.4	12.00	0
45500.0	12.00	0
45515.6	12.00	0
45531.2	12.00	0
45546.9	12.00	0
45562.5	12.00	0
45578.1	12.00	0
45593.8	12.75	0
45609.4	12.75	0
45625.0	12.75	0
45640.6	12.75	0
45656.2	12.75	0
45671.9	12.75	0
45687.5	12.75	0
45703.1	13.50	0
45718.8	13.50	0
45734.4	13.50	0
45750.0	13.50	0
45765.6	13.50	0
45781.2	13.50	0
45796.9	13.50	0
45812.5	13.50	0
45828.1	13.50	0
45843.8	14.25	0
45859.4	14.25	0
45875.0	14.25	0
45890.6	14.25	0
45906.2	14.25	0
45921.9	14.25	0
45937.5	14.25	0
45953.1	14.25	0
45968.8	14.25	0
45984.4	14.25	0
46000.0	14.25	0
46015.6	15.00	0
46031.2	15.00	0
46046.9	15.00	0
46062.5	15.00	0
46078.1	15.00	0
46093.8	15.00	0
46109.4	15.00	0
46125.0	15.00	0
46140.6	15.00	0
46156.2	15.00	0
46171.9	15.00	0
46187.5	15.00	0
46203.1	15.00	0
46218.8	15.00	0
46234.4	15.00	0
46250.0	15.00	0
46265.6	15.00	0
46281.2	15.00	0
46296.9	15.00	0
46312.5	15.00	0
46328.1	15.00	0
46343.8	15.00	0
46359.4	15.75	0
46375.0	15.75	0
46390.6	15.75	0
46406.2	15.75	0
46421.9	15.75	0
46437.5	15.75	0
46453.1	15.75	0
46468.8	15.75	0
46484.4	15.75	0
46500.0	15.75	0
46515.6	15.75	0
46531.2	15.75	0
46546.9	15.75	0
46562.5	15.75	0
46578.1	15.75	0
46593.8	15.75	0
46609.4	15.75	0
46625.0	15.75	0
46640.6	15.75	0
46656.2	15.75	0
46671.9	15.75	0
46687.5	15.75	0
46703.1	15.75	0
46718.8	15.75	0
46734.4	15.75	0
46750.0	15.75	0
46765.6	15.00	0
46781.2	15.00	0
46796.9	15.00	0
46812.5	15.00	0
46828.1	15.00	0
46843.8	15.00	0
46859.4	15.00	0
46875.0	15.00	0
46890.6	15.00	0
46906.2	15.00	0
46921.9	15.00	0
46937.5	15.00	0
46953.1	15.00	0
46968.8	15.00	0
46984.4	14.25	0
47000.0	14.25	0
47015.6	14.25	0
47031.2	14.25	0
47046.9	14.25	0
47062.5	14.25	0
47078.1	14.25	0
47093.8	14.25	0
47109.4	14.25	0
47125.0	14.25	0
47140.6	14.25	0
47156.2	13.50	0
47171.9	13.50	0
47187.5	13.50	0
47203.1	13.50	0
47218.8	13.50	0
47234.4	13.50	0
47250.0	13.50	0
47265.6	13.50	0
47281.2	12.75	0
47296.9	12.75	0
47312.5	12.75	0
47328.1	12.75	0
47343.8	12.75	0
47359.4	12.75	0
47375.0	12.75	0
47390.6	12.75	0
47406.2	12.00	0
47421.9	12.00	0
47437.5	12.00	0
47453.1	12.00	0
47468.8	12.00	0
47484.4	12.00	0
47500.0	12.00	0
47515.6	11.25	0
47531.2	11.25	0
47546.9	11.25	0
47562.5	11.25	0
47578.1	11.25	0
47593.8	11.25	0
47609.4	10.50	0
47625.0	10.50	0
47640.6	10.50	0
47656.2	10.50	0
47671.9	10.50	0
47687.5	10.50	0
47703.1	9.75	0
47718.8	9.75	0
47734.4	9.75	0
47750.0	9.75	0
47765.6	9.75	0
47781.2	9.75	0
47796.9	9.00	0
47812.5	9.00	0
47828.1	9.00	0
47843.8	9.00	0
47859.4	9.00	0
47875.0	9.00	0
47890.6	8.25	0
47906.2	8.25	0
47921.9	8.25	0
47937.5	8.25	0
47953.1	8.25	0
47968.8	8.25	0
47984.4	7.50	0
48000.0	7.50	0
48015.6	7.50	0
48031.2	7.50	0
48046.9	7.50	0
48062.5	6.75	0
48078.1	6.75	0
48093.8	6.75	0
48109.4	6.75	0
48125.0	6.75	0
48140.6	6.75	0
48156.2	6.00	0
48171.9	6.00	0
48187.5	6.00	0
48203.1	6.00	0
48218.8	6.00	0
48234.4	5.25	0
48250.0	5.25	0
48265.6	5.25	0
48281.2	5.25	0
48296.9	5.25	0
48312.5	4.50	0
48328.1	4.50	0
48343.8	4.50	0
48359.4	4.50	0
48375.0	4.50	0
48390.6	4.50	0
48406.2	3.75	0
48421.9	3.75	0
48437.5	3.75	0
48453.1	3.75	0
48468.8	3.75	0
48484.4	3.00	0
48500.0	3.00	0
48515.6	3.00	0
48531.2	3.00	0
48546.9	3.00	0
48562.5	3.00	0
48578.1	2.25	0
48593.8	2.25	0
48609.4	2.25	0
48625.0	2.25	0
48640.6	2.25	0
48656.2	1.50	0
48671.9	1.50	0
48687.5	1.50	0
48703.1	1.50	0
48718.8	1.50	0
48734.4	0.75	0
48750.0	0.75	0
48765.6	0.75	0
48781.2	0.00	0
48796.9	0.00	0
48812.5	-0.75	0
48828.1	-0.75	0
48843.8	-0.75	0
48859.4	-0.75	0
48875.0	-0.75	0
48890.6	-0.75	0
48906.2	-1.50	0
48921.9	-1.50	0
48937.5	-1.50	0
48953.1	-1.50	0
48968.8	-1.50	0
48984.4	-2.25	0
49000.0	-2.25	0
49015.6	-2.25	0
49031.2	-2.25	0
49046.9	-2.25	0
49062.5	-3.00	0
49078.1	-3.00	0
49093.8	-3.00	0
49109.4	-3.00	0
49125.0	-3.00	0
49140.6	-3.00	0
49156.2	-3.75	0
49171.9	-3.75	0
49187.5	-3.75	0
49203.1	-3.75	0
49218.8	-3.75	0
49234.4	-4.50	0
49250.0	-4.50	0
49265.6	-4.50	0
49281.2	-4.50	0
49296.9	-4.50	0
49312.5	-4.50	0
49328.1	-5.25	0
49343.8	-5.25	0
49359.4	-5.25	0
49375.0	-5.25	0
49390.6	-5.25	0
49406.2	-5.25	0
49421.9	-6.00	0
49437.5	-6.00	0
49453.1	-6.00	0
49468.8	-6.00	0
49484.4	-6.00	0
49500.0	-6.00	0
49515.6	-6.75	0
49531.2	-6.75	0
49546.9	-6.75	0
49562.5	-6.75	0
49578.1	-6.75	0
49593.8	-6.75	0
49609.4	-7.50	0
49625.0	-7.50	0
49640.6	-7.50	0
49656.2	-7.50	0
49671.9	-7.50	0
49687.5	-7.50	0
49703.1	-7.50	0
49718.8	-8.25	0
49734.4	-8.25	0
49750.0	-8.25	0
49765.6	-8.25	0
49781.2	-8.25	0
49796.9	-8.25	0
49812.5	-8.25	0
49828.1	-8.25	0
49843.8	-9.00	0
49859.4	-9.00	0
49875.0	-9.00	0
49890.6	-9.00	0
49906.2	-9.00	0
49921.9	-9.00	0
49937.5	-9.00	0
49953.1	-9.00	0
49968.8	-9.75	0
49984.4	-9.75	0
50000.0	-9.75	0
50015.6	-9.75	0
50031.2	-9.75	0
50046.9	-9.75	0
50062.5	-9.75	0
50078.1	-9.75	0
50093.8	-9.75	0
50109.4	-9.75	0
50125.0	-10.50	0
50140.6	-10.50	0
50156.2	-10.50	0
50171.9	-10.50	0
50187.5	-10.50	0
50203.1	-10.50	0
50218.8	-10.50	0
50234.4	-10.50	0
50250.0	-10.50	0
50265.6	-10.50	0
50281.2	-10.50	0
50296.9	-10.50	0
50312.5	-10.50	0
50328.1	-10.50	0
50343.8	-10.50	0
50359.4	-11.25	0
50375.0	-11.25	0
50390.6	-11.25	0
50406.2	-11.25	0
50421.9	-11.25	0
50437.5	-11.25	0
50453.1	-11.25	0
50468.8	-11.25	0
50484.4	-11.25	0
50500.0	-11.25	0
50515.6	-11.25	0
50531.2	-11.25	0
50546.9	-11.25	0
50562.5	-11.25	0
50578.1	-11.25	0
50593.8	-11.25	0
50609.4	-11.25	0
50625.0	-11.25	0
50640.6	-11.25	0
50656.2	-11.25	0
50671.9	-11.25	0
50687.5	-11.25	0
50703.1	-11.25	0
50718.8	-11.25	0
50734.4	-11.25	0
50750.0	-11.25	0
50765.6	-11.25	0
50781.2	-11.25	0
50796.9	-11.25	0
50812.5	-11.25	0
50828.1	-11.25	0
50843.8	-11.25	0
50859.4	-11.25	0
50875.0	-11.25	0
50890.6	-11.25	0
50906.2	-11.25	0
50921.9	-11.25	0
50937.5	-11.25	0
50953.1	-11.25	0
50968.8	-11.25	0
50984.4	-11.25	0
51000.0	-11.25	0
51015.6	-11.25	0
51031.2	-11.25	0
51046.9	-11.25	0
51062.5	-11.25	0
51078.1	-10.50	0
51093.8	-10.50	0
51109.4	-10.50	0
51125.0	-10.50	0
51140.6	-10.50	0
51156.2	-10.50	0
51171.9	-10.50	0
51187.5	-10.50	0
51203.1	-10.50	0
51218.8	-10.50	0
51234.4	-10.50	0
51250.0	-10.50	0
51265.6	-10.50	0
51281.2	-9.75	0
51296.9	-9.75	0
51312.5	-9.75	0
51328.1	-9.75	0
51343.8	-9.75	0
51359.4	-9.75	0
51375.0	-9.75	0
51390.6	-9.75	0
51406.2	-9.75	0
51421.9	-9.75	0
51437.5	-9.00	0
51453.1	-9.00	0
51468.8	-9.00	0
51484.4	-9.00	0
51500.0	-9.00	0
51515.6	-9.00	0
51531.2	-9.00	0
51546.9	-9.00	0
51562.5	-9.00	0
51578.1	-8.25	0
51593.8	-8.25	0
51609.4	-8.25	0
51625.0	-8.25	0
51640.6	-8.25	0
51656.2	-8.25	0
51671.9	-8.25	0
51687.5	-8.25	0
51703.1	-7.50	0
51718.8	-7.50	0
51734.4	-7.50	0
51750.0	-7.50	0
51765.6	-7.50	0
51781.2	-7.50	0
51796.9	-7.50	0
51812.5	-6.75	0
51828.1	-6.75	0
51843.8	-6.75	0
51859.4	-6.75	0
51875.0	-6.75	0
51890.6	-6.75	0
51906.2	-6.75	0
51921.9	-6.00	0
51937.5	-6.00	0
51953.1	-6.00	0
51968.8	-6.00	0
51984.4	-6.00	0
52000.0	-6.00	0
52015.6	-6.00	0
52031.2	-5.25	0
52046.9	-5.25	0
52062.5	-5.25	0
52078.1	-5.25	0
52093.8	-5.25	0
52109.4	-5.25	0
52125.0	-4.50	0
52140.6	-4.50	0
52156.2	-4.50	0
52171.9	-4.50	0
52187.5	-4.50	0
52203.1	-4.50	0
52218.8	-4.50	0
52234.4	-3.75	0
52250.0	-3.75	0
52265.6	-3.75	0
52281.2	-3.75	0
52296.9	-3.75	0
52312.5	-3.75	0
52328.1	-3.00	0
52343.8	-3.00	0
52359.4	-3.00	0
52375.0	-3.00	0
52390.6	-3.00	0
52406.2	-3.00	0
52421.9	-2.25	0
52437.5	-2.25	0
52453.1	-2.25	0
52468.8	-2.25	0
52484.4	-2.25	0
52500.0	-2.25	0
52515.6	-1.50	0
52531.2	-1.50	0
52546.9	-1.50	0
52562.5	-1.50	0
52578.1	-1.50	1
52593.8	-1.50	0
52609.4	-0.75	0
52625.0	-0.75	0
52640.6	-0.75	0
52656.2	-0.75	0
52671.9	0.00	0
52687.5	0.00	0
52703.1	0.75	0
52718.8	0.75	0
52734.4	0.75	0
52750.0	0.75	0
52765.6	0.75	0
52781.2	1.50	0
52796.9	1.50	0
52812.5	1.50	0
52828.1	1.50	0
52843.8	1.50	0
52859.4	1.50	0
52875.0	2.25	0
52890.6	2.25	0
52906.2	2.25	0
52921.9	2.25	0
52937.5	2.25	0
52953.1	3.00	0
52968.8	3.00	0
52984.4	3.00	0
53000.0	3.00	0
53015.6	3.00	0
53031.2	3.75	0
53046.9	3.75	0
53062.5	3.75	0
53078.1	3.75	0
53093.8	3.75	0
53109.4	3.75	0
53125.0	4.50	0
53140.6	4.50	0
53156.2	4.50	0
53171.9	4.50	0
53187.5	4.50	0
53203.1	5.25	0
53218.8	5.25	0
53234.4	5.25	0
53250.0	5.25	0
53265.6	5.25	0
53281.2	6.00	0
53296.9	6.00	0
53312.5	6.00	0
53328.1	6.00	0
53343.8	6.75	0
53359.4	6.75	0
53375.0	6.75	0
53390.6	6.75	0
53406.2	6.75	0
53421.9	7.50	0
53437.5	7.50	0
53453.1	7.50	0
53468.8	7.50	0
53484.4	7.50	0
53500.0	8.25	0
53515.6	8.25	0
53531.2	8.25	0
53546.9	8.25	0
53562.5	8.25	0
53578.1	9.00	0
53593.8	9.00	0
53609.4	9.00	0
53625.0	9.00	0
53640.6	9.00	0
53656.2	9.75	0
53671.9	9.75	0
53687.5	9.75	0
53703.1	9.75	0
53718.8	9.75	0
53734.4	10.50	0
53750.0	10.50	0
53765.6	10.50	0
53781.2	10.50	0
53796.9	10.50	0
53812.5	10.50	0
53828.1	11.25	0
53843.8	11.25	0
53859.4	11.25	0
53875.0	11.25	0
53890.6	11.25	0
53906.2	12.00	0
53921.9	12.00	0
53937.5	12.00	0
53953.1	12.00	0
53968.8	12.00	0
53984.4	12.00	0
54000.0	12.75	0
54015.6	12.75	0
54031.2	12.75	0
54046.9	12.75	0
54062.5	12.75	0
54078.1	12.75	0
54093.8	13.50	0
54109.4	13.50	0
54125.0	13.50	0
54140.6	13.50	0
54156.2	13.50	0
54171.9	13.50	0
54187.5	14.25	0
54203.1	14.25	0
54218.8	14.25	0
54234.4	14.25	0
54250.0	14.25	0
54265.6	14.25	0
54281.2	14.25	0
54296.9	14.25	0
54312.5	15.00	0
54328.1	15.00	0
54343.8	15.00	0
54359.4	15.00	0
54375.0	15.00	0
54390.6	15.00	0
54406.2	15.00	0
54421.9	15.00	0
54437.5	15.00	0
54453.1	15.00	0
54468.8	15.75	0
54484.4	15.75	0
54500.0	15.75	0
54515.6	15.75	0
54531.2	15.75	0
54546.9	15.75	0
54562.5	15.75	0
54578.1	15.75	0
54593.8	15.75	0
54609.4	15.75	0
54625.0	15.75	0
54640.6	15.75	0
54656.2	15.75	0
54671.9	15.75	0
54687.5	15.75	0
54703.1	15.75	0
54718.8	15.75	0
54734.4	15.75	0
54750.0	15.75	0
54765.6	15.75	0
54781.2	15.75	0
54796.9	15.75	0
54812.5	15.75	0
54828.1	15.75	0
54843.8	15.75	0
54859.4	15.75	0
54875.0	15.75	0
54890.6	15.75	0
54906.2	15.75	0
54921.9	15.75	0
54937.5	15.75	0
54953.1	15.75	0
54968.8	15.75	0
54984.4	15.75	0
55000.0	15.75	0
55015.6	15.75	0
55031.2	15.75	0
55046.9	15.75	0
55062.5	15.75	0
55078.1	15.75	0
55093.8	15.75	0
55109.4	15.75	0
55125.0	15.75	0
55140.6	15.75	0
55156.2	15.75	0
55171.9	15.75	0
55187.5	15.75	0
55203.1	15.75	0
55218.8	15.75	0
55234.4	15.75	0
55250.0	15.75	0
55265.6	15.00	0
55281.2	15.00	0
55296.9	15.00	0
55312.5	15.00	0
55328.1	15.00	0
55343.8	15.00	0
55359.4	15.00	0
55375.0	15.00	0
55390.6	15.00	0
55406.2	14.25	0
55421.9	14.25	0
55437.5	14.25	0
55453.1	14.25	0
55468.8	14.25	0
55484.4	14.25	0
55500.0	14.25	0
55515.6	13.50	0
55531.2	13.50	0
55546.9	13.50	0
55562.5	13.50	0
55578.1	13.50	0
55593.8	13.50	0
55609.4	13.50	0
55625.0	12.75	0
55640.6	12.75	0
55656.2	12.75	0
55671.9	12.75	0
55687.5	12.75	0
55703.1	12.75	0
55718.8	12.00	0
55734.4	12.00	0
55750.0	12.00	0
55765.6	12.00	0
55781.2	12.00	0
55796.9	11.25	0
55812.5	11.25	0
55828.1	11.25	0
55843.8	11.25	0
55859.4	11.25	0
55875.0	11.25	0
55890.6	10.50	0
55906.2	10.50	0
55921.9	10.50	0
55937.5	10.50	0
55953.1	10.50	0
55968.8	9.75	0
55984.4	9.75	0
56000.0	9.75	0
56015.6	9.75	0
56031.2	9.75	0
56046.9	9.00	0
56062.5	9.00	0
56078.1	9.00	0
56093.8	9.00	0
56109.4	9.00	0
56125.0	8.25	0
56140.6	8.25	0
56156.2	8.25	0
56171.9	8.25	0
56187.5	8.25	0
56203.1	7.50	0
56218.8	7.50	0
56234.4	7.50	0
56250.0	7.50	0
56265.6	7.50	0
56281.2	6.75	0
56296.9	6.75	0
56312.5	6.75	0
56328.1	6.75	0
56343.8	6.75	0
56359.4	6.00	0
56375.0	6.00	0
56390.6	6.00	0
56406.2	6.00	0
56421.9	6.00	0
56437.5	5.25	0
56453.1	5.25	0
56468.8	5.25	0
56484.4	5.25	0
56500.0	5.25	0
56515.6	4.50	0
56531.2	4.50	0
56546.9	4.50	0
56562.5	4.50	0
56578.1	4.50	0
56593.8	3.75	0
56609.4	3.75	0
56625.0	3.75	0
56640.6	3.75	0
56656.2	3.75	0
56671.9	3.75	0
56687.5	3.00	0
56703.1	3.00	0
56718.8	3.00	0
56734.4	3.00	0
56750.0	3.00	0
56765.6	2.25	0
56781.2	2.25	0
56796.9	2.25	0
56812.5	2.25	0
56828.1	2.25	0
56843.8	1.50	0
56859.4	1.50	0
56875.0	1.50	0
56890.6	1.50	0
56906.2	1.50	0
56921.9	1.50	0
56937.5	0.75	0
56953.1	0.75	0
56968.8	0.75	0
56984.4	0.00	0
57000.0	0.00	0
57015.6	0.00	0
57031.2	-0.75	0
57046.9	-0.75	0
57062.5	-0.75	0
57078.1	-0.75	0
57093.8	-0.75	0
57109.4	-1.50	0
57125.0	-1.50	0
57140.6	-1.50	0
57156.2	-1.50	0
57171.9	-1.50	0
57187.5	-1.50	0
57203.1	-2.25	0
57218.8	-2.25	0
57234.4	-2.25	0
57250.0	-2.25	0
57265.6	-2.25	0
57281.2	-2.25	0
57296.9	-2.25	0
57312.5	-3.00	0
57328.1	-3.00	0
57343.8	-3.00	0
57359.4	-3.00	0
57375.0	-3.00	0
57390.6	-3.00	0
57406.2	-3.75	0
57421.9	-3.75	0
57437.5	-3.75	0
57453.1	-3.75	0
57468.8	-3.75	0
57484.4	-3.75	0
57500.0	-3.75	0
57515.6	-4.50	0
57531.2	-4.50	0
57546.9	-4.50	0
57562.5	-4.50	0
57578.1	-4.50	0
57593.8	-4.50	0
57609.4	-4.50	0
57625.0	-5.25	0
57640.6	-5.25	0
57656.2	-5.25	0
57671.9	-5.25	0
57687.5	-5.25	0
57703.1	-5.25	0
57718.8	-5.25	0
57734.4	-5.25	0
57750.0	-6.00	0
57765.6	-6.00	0
57781.2	-6.00	0
57796.9	-6.00	0
57812.5	-6.00	0
57828.1	-6.00	0
57843.8	-6.00	0
57859.4	-6.75	0
57875.0	-6.75	0
57890.6	-6.75	0
57906.2	-6.75	0
57921.9	-6.75	0
57937.5	-6.75	0
57953.1	-6.75	0
57968.8	-6.75	0
57984.4	-7.50	0
58000.0	-7.50	0
58015.6	-7.50	0
58031.2	-7.50	0
58046.9	-7.50	0
58062.5	-7.50	0
58078.1	-7.50	0
58093.8	-7.50	0
58109.4	-8.25	0
58125.0	-8.25	0
58140.6	-8.25	0
58156.2	-8.25	0
58171.9	-8.25	0
58187.5	-8.25	0
58203.1	-8.25	0
58218.8	-8.25	0
58234.4	-9.00	0
58250.0	-9.00	0
58265.6	-9.00	0
58281.2	-9.00	0
58296.9	-9.00	0
58312.5	-9.00	0
58328.1	-9.00	0
58343.8	-9.00	0
58359.4	-9.00	0
58375.0	-9.00	0
58390.6	-9.75	0
58406.2	-9.75	0
58421.9	-9.75	0
58437.5	-9.75	0
58453.1	-9.75	0
58468.8	-9.75	0
58484.4	-9.75	0
58500.0	-9.75	0
58515.6	-9.75	0
58531.2	-9.75	0
58546.9	-9.75	0
58562.5	-10.50	0
58578.1	-10.50	0
58593.8	-10.50	0
58609.4	-10.50	0
58625.0	-10.50	0
58640.6	-10.50	0
58656.2	-10.50	0
58671.9	-10.50	0
58687.5	-10.50	0
58703.1	-10.50	0
58718.8	-10.50	0
58734.4	-10.50	0
58750.0	-10.50	0
58765.6	-10.50	0
58781.2	-10.50	0
58796.9	-10.50	0
58812.5	-11.25	0
58828.1	-11.25	0
58843.8	-11.25	0
58859.4	-11.25	0
58875.0	-11.25	0
58890.6	-11.25	0
58906.2	-11.25	0
58921.9	-11.25	0
58937.5	-11.25	0
58953.1	-11.25	0
58968.8	-11.25	0
58984.4	-11.25	0
59000.0	-11.25	0
59015.6	-11.25	0
59031.2	-11.25	0
59046.9	-11.25	0
59062.5	-11.25	0
59078.1	-11.25	0
59093.8	-11.25	0
59109.4	-11.25	0
59125.0	-11.25	0
59140.6	-11.25	0
59156.2	-11.25	0
59171.9	-11.25	0
59187.5	-11.25	0
59203.1	-11.25	0
59218.8	-11.25	0
59234.4	-11.25	0
59250.0	-11.25	0
59265.6	-11.25	0
59281.2	-11.25	0
59296.9	-11.25	0
59312.5	-11.25	0
59328.1	-11.25	0
59343.8	-11.25	0
59359.4	-11.25	0
59375.0	-11.25	0
59390.6	-11.25	0
59406.2	-11.25	0
59421.9	-11.25	0
59437.5	-11.25	0
59453.1	-11.25	0
59468.8	-10.50	0
59484.4	-10.50	0
59500.0	-10.50	0
59515.6	-10.50	0
59531.2	-10.50	0
59546.9	-10.50	0
59562.5	-10.50	0
59578.1	-10.50	0
59593.8	-10.50	0
59609.4	-10.50	0
59625.0	-10.50	0
59640.6	-10.50	0
59656.2	-9.75	0
59671.9	-9.75	0
59687.5	-9.75	0
59703.1	-9.75	0
59718.8	-9.75	0
59734.4	-9.75	0
59750.0	-9.75	0
59765.6	-9.75	0
59781.2	-9.75	0
59796.9	-9.75	0
59812.5	-9.00	0
59828.1	-9.00	0
59843.8	-9.00	0
59859.4	-9.00	0
59875.0	-9.00	0
59890.6	-9.00	0
59906.2	-9.00	0
59921.9	-9.00	0
59937.5	-8.25	0
59953.1	-8.25	0
59968.8	-8.25	0
59984.4	-8.25	0
60000.0	-8.25	0
60015.6	-8.25	0
60031.2	-8.25	0
60046.9	-8.25	0
60062.5	-7.50	0
60078.1	-7.50	0
60093.8	-7.50	0
60109.4	-7.50	0
60125.0	-7.50	0
60140.6	-7.50	0
60156.2	-7.50	0
60171.9	-6.75	0
60187.5	-6.75	0
60203.1	-6.75	0
60218.8	-6.75	0
60234.4	-6.75	0
60250.0	-6.75	0
60265.6	-6.00	0
60281.2	-6.00	0
60296.9	-6.00	0
60312.5	-6.00	0
60328.1	-6.00	0
60343.8	-6.00	0
60359.4	-5.25	0
60375.0	-5.25	0
60390.6	-5.25	0
60406.2	-5.25	0
60421.9	-5.25	0
60437.5	-5.25	0
60453.1	-4.50	0
60468.8	-4.50	0
60484.4	-4.50	0
60500.0	-4.50	0
60515.6	-4.50	0
60531.2	-4.50	0
60546.9	-3.75	0
60562.5	-3.75	0
60578.1	-3.75	0
60593.8	-3.75	0
60609.4	-3.75	0
60625.0	-3.75	0
60640.6	-3.00	0
60656.2	-3.00	0
60671.9	-3.00	0
60687.5	-3.00	0
60703.1	-3.00	0
60718.8	-2.25	0
60734.4	-2.25	0
60750.0	-2.25	0
60765.6	-2.25	0
60781.2	-2.25	0
60796.9	-2.25	0
60812.5	-1.50	0
60828.1	-1.50	0
60843.8	-1.50	0
60859.4	-1.50	1
60875.0	-1.50	0
60890.6	-0.75	0
60906.2	-0.75	0
60921.9	-0.75	0
60937.5	-0.75	0
60953.1	0.00	0
60968.8	0.75	0
60984.4	0.75	0
61000.0	0.75	0
61015.6	0.75	0
61031.2	0.75	0
61046.9	1.50	0
61062.5	1.50	0
61078.1	1.50	0
61093.8	1.50	0
61109.4	1.50	0
61125.0	2.25	0
61140.6	2.25	0
61156.2	2.25	0
61171.9	2.25	0
61187.5	2.25	0
61203.1	2.25	0
61218.8	3.00	0
61234.4	3.00	0
61250.0	3.00	0
61265.6	3.00	0
61281.2	3.00	0
61296.9	3.75	0
61312.5	3.75	0
61328.1	3.75	0
61343.8	3.75	0
61359.4	3.75	0
61375.0	4.50	0
61390.6	4.50	0
61406.2	4.50	0
61421.9	4.50	0
61437.5	4.50	0
61453.1	5.25	0
61468.8	5.25	0
61484.4	5.25	0
61500.0	5.25	0
61515.6	5.25	0
61531.2	6.00	0
61546.9	6.00	0
61562.5	6.00	0
61578.1	6.00	0
61593.8	6.00	0
61609.4	6.75	0
61625.0	6.75	0
61640.6	6.75	0
61656.2	6.75	0
61671.9	6.75	0
61687.5	7.50	0
61703.1	7.50	0
61718.8	7.50	0
61734.4	7.50	0
61750.0	7.50	0
61765.6	7.50	0
61781.2	8.25	0
61796.9	8.25	0
61812.5	8.25	0
61828.1	8.25	0
61843.8	8.25	0
61859.4	9.00	0
61875.0	9.00	0
61890.6	9.00	0
61906.2	9.00	0
61921.9	9.00	0
61937.5	9.00	0
61953.1	9.75	0
61968.8	9.75	0
61984.4	9.75	0
62000.0	9.75	0
62015.6	9.75	0
62031.2	10.50	0
62046.9	10.50	0
62062.5	10.50	0
62078.1	10.50	0
62093.8	10.50	0
62109.4	10.50	0
62125.0	11.25	0
62140.6	11.25	0
62156.2	11.25	0
62171.9	11.25	0
62187.5	11.25	0
62203.1	11.25	0
62218.8	11.25	0
62234.4	12.00	0
62250.0	12.00	0
62265.6	12.00	0
62281.2	12.00	0
62296.9	12.00	0
62312.5	12.00	0
62328.1	12.75	0
62343.8	12.75	0
62359.4	12.75	0
62375.0	12.75	0
62390.6	12.75	0
62406.2	12.75	0
62421.9	12.75	0
62437.5	12.75	0
62453.1	13.50	0
62468.8	13.50	0
62484.4	13.50	0
62500.0	13.50	0
62515.6	13.50	0
62531.2	13.50	0
62546.9	13.50	0
62562.5	13.50	0
62578.1	14.25	0
62593.8	14.25	0
62609.4	14.25	0
62625.0	14.25	0
62640.6	14.25	0
62656.2	14.25	0
62671.9	14.25	0
62687.5	14.25	0
62703.1	14.25	0
62718.8	14.25	0
62734.4	14.25	0
62750.0	15.00	0
62765.6	15.00	0
62781.2	15.00	0
62796.9	15.00	0
62812.5	15.00	0
62828.1	15.00	0
62843.8	15.00	0
62859.4	15.00	0
62875.0	15.00	0
62890.6	15.00	0
62906.2	15.00	0
62921.9	15.00	0
62937.5	15.00	0
62953.1	15.00	0
62968.8	15.00	0
62984.4	15.00	0
63000.0	15.00	0
63015.6	15.75	0
63031.2	15.75	0
63046.9	15.75	0
63062.5	15.75	0
63078.1	15.75	0
63093.8	15.75	0
63109.4	15.75	0
63125.0	15.75	0
63140.6	15.75	0
63156.2	15.75	0
63171.9	15.75	0
63187.5	15.75	0
63203.1	15.75	0
63218.8	15.75	0
63234.4	15.75	0
63250.0	15.75	0
63265.6	15.75	0
63281.2	15.75	0
63296.9	15.75	0
63312.5	15.75	0
63328.1	15.75	0
63343.8	15.75	0
63359.4	15.75	0
63375.0	15.75	0
63390.6	15.75	0
63406.2	15.75	0
63421.9	15.75	0
63437.5	15.75	0
63453.1	15.75	0
63468.8	15.75	0
63484.4	15.75	0
63500.0	15.75	0
63515.6	15.75	0
63531.2	15.75	0
63546.9	15.75	0
63562.5	15.75	0
63578.1	15.75	0
63593.8	15.75	0
63609.4	15.75	0
63625.0	15.75	0
63640.6	15.75	0
63656.2	15.75	0
63671.9	15.75	0
63687.5	15.75	0
63703.1	15.75	0
63718.8	15.75	0
63734.4	15.00	0
63750.0	15.00	0
63765.6	15.00	0
63781.2	15.00	0
63796.9	15.00	0
63812.5	15.00	0
63828.1	15.00	0
63843.8	15.00	0
63859.4	15.00	0
63875.0	14.25	0
63890.6	14.25	0
63906.2	14.25	0
63921.9	14.25	0
63937.5	14.25	0
63953.1	14.25	0
63968.8	14.25	0
63984.4	14.25	0
64000.0	13.50	0
64015.6	13.50	0
64031.2	13.50	0
64046.9	13.50	0
64062.5	13.50	0
64078.1	13.50	0
64093.8	13.50	0
64109.4	12.75	0
64125.0	12.75	0
64140.6	12.75	0
64156.2	12.75	0
64171.9	12.75	0
64187.5	12.75	0
64203.1	12.75	0
64218.8	12.00	0
64234.4	12.00	0
64250.0	12.00	0
64265.6	12.00	0
64281.2	12.00	0
64296.9	12.00	0
64312.5	11.25	0
64328.1	11.25	0
64343.8	11.25	0
64359.4	11.25	0
64375.0	11.25	0
64390.6	11.25	0
64406.2	10.50	0
64421.9	10.50	0
64437.5	10.50	0
64453.1	10.50	0
64468.8	10.50	0
64484.4	10.50	0
64500.0	9.75	0
64515.6	9.75	0
64531.2	9.75	0
64546.9	9.75	0
64562.5	9.75	0
64578.1	9.00	0
64593.8	9.00	0
64609.4	9.00	0
64625.0	9.00	0
64640.6	9.00	0
64656.2	9.00	0
64671.9	8.25	0
64687.5	8.25	0
64703.1	8.25	0
64718.8	8.25	0
64734.4	8.25	0
64750.0	7.50	0
64765.6	7.50	0
64781.2	7.50	0
64796.9	7.50	0
64812.5	7.50	0
64828.1	6.75	0
64843.8	6.75	0
64859.4	6.75	0
64875.0	6.75	0
64890.6	6.75	0
64906.2	6.00	0
64921.9	6.00	0
64937.5	6.00	0
64953.1	6.00	0
64968.8	6.00	0
64984.4	5.25	0
65000.0	5.25	0
65015.6	5.25	0
65031.2	5.25	0
65046.9	5.25	0
65062.5	4.50	0
65078.1	4.50	0
65093.8	4.50	0
65109.4	4.50	0
65125.0	4.50	0
65140.6	3.75	0
65156.2	3.75	0
65171.9	3.75	0
65187.5	3.75	0
65203.1	3.75	0
65218.8	3.00	0
65234.4	3.00	0
65250.0	3.00	0
65265.6	3.00	0
65281.2	3.00	0
65296.9	3.00	0
65312.5	2.25	0
65328.1	2.25	0
65343.8	2.25	0
65359.4	2.25	0
65375.0	2.25	0
65390.6	1.50	0
65406.2	1.50	0
65421.9	1.50	0
65437.5	0.00	0
65453.1	0.00	0
65468.8	-0.75	0
65484.4	-0.75	0
65500.0	-0.75	0
65515.6	-0.75	0
65531.2	-0.75	0
65546.9	-0.75	0
65562.5	-1.50	0
65578.1	-1.50	0
65593.8	-1.50	0
65609.4	-1.50	0
65625.0	-1.50	0
65640.6	-2.25	0
65656.2	-2.25	0
65671.9	-2.25	0
65687.5	-2.25	0
65703.1	-2.25	0
65718.8	-2.25	0
65734.4	-3.00	0
65750.0	-3.00	0
65765.6	-3.00	0
65781.2	-3.00	0
65796.9	-3.00	0
65812.5	-3.00	0
65828.1	-3.75	0
65843.8	-3.75	0
65859.4	-3.75	0
65875.0	-3.75	0
65890.6	-3.75	0
65906.2	-3.75	0
65921.9	-4.50	0
65937.5	-4.50	0
65953.1	-4.50	0
65968.8	-4.50	0
65984.4	-4.50	0
66000.0	-4.50	0
66015.6	-4.50	0
66031.2	-5.25	0
66046.9	-5.25	0
66062.5	-5.25	0
66078.1	-5.25	0
66093.8	-5.25	0
66109.4	-5.25	0
66125.0	-5.25	0
66140.6	-6.00	0
66156.2	-6.00	0
66171.9	-6.00	0
66187.5	-6.00	0
66203.1	-6.00	0
66218.8	-6.00	0
66234.4	-6.00	0
66250.0	-6.75	0
66265.6	-6.75	0
66281.2	-6.75	0
66296.9	-6.75	0
66312.5	-6.75	0
66328.1	-6.75	0
66343.8	-6.75	0
66359.4	-6.75	0
66375.0	-7.50	0
66390.6	-7.50	0
66406.2	-7.50	0
66421.9	-7.50	0
66437.5	-7.50	0
66453.1	-7.50	0
66468.8	-7.50	0
66484.4	-7.50	0
66500.0	-8.25	0
66515.6	-8.25	0
66531.2	-8.25	0
66546.9	-8.25	0
66562.5	-8.25	0
66578.1	-8.25	0
66593.8	-8.25	0
66609.4	-8.25	0
66625.0	-8.25	0
66640.6	-9.00	0
66656.2	-9.00	0
66671.9	-9.00	0
66687.5	-9.00	0
66703.1	-9.00	0
66718.8	-9.00	0
66734.4	-9.00	0
66750.0	-9.00	0
66765.6	-9.00	0
66781.2	-9.00	0
66796.9	-9.75	0
66812.5	-9.75	0
66828.1	-9.75	0
66843.8	-9.75	0
66859.4	-9.75	0
66875.0	-9.75	0
66890.6	-9.75	0
66906.2	-9.75	0
66921.9	-9.75	0
66937.5	-9.75	0
66953.1	-9.75	0
66968.8	-9.75	0
66984.4	-9.75	0
67000.0	-10.50	0
67015.6	-10.50	0
67031.2	-10.50	0
67046.9	-10.50	0
67062.5	-10.50	0
67078.1	-10.50	0
67093.8	-10.50	0
67109.4	-10.50	0
67125.0	-10.50	0
67140.6	-10.50	0
67156.2	-10.50	0
67171.9	-10.50	0
67187.5	-10.50	0
67203.1	-10.50	0
67218.8	-10.50	0
67234.4	-10.50	0
67250.0	-10.50	0
67265.6	-10.50	0
67281.2	-10.50	0
67296.9	-10.50	0
67312.5	-10.50	0
67328.1	-11.25	0
67343.8	-11.25	0
67359.4	-11.25	0
67375.0	-11.25	0
67390.6	-11.25	0
67406.2	-11.25	0
67421.9	-11.25	0
67437.5	-11.25	0
67453.1	-11.25	0
67468.8	-11.25	0
67484.4	-11.25	0
67500.0	-11.25	0
67515.6	-11.25	0
67531.2	-11.25	0
67546.9	-11.25	0
67562.5	-11.25	0
67578.1	-11.25	0
67593.8	-11.25	0
67609.4	-11.25	0
67625.0	-11.25	0
67640.6	-11.25	0
67656.2	-11.25	0
67671.9	-11.25	0
67687.5	-11.25	0
67703.1	-11.25	0
67718.8	-11.25	0
67734.4	-11.25	0
67750.0	-11.25	0
67765.6	-11.25	0
67781.2	-11.25	0
67796.9	-11.25	0
67812.5	-11.25	0
67828.1	-11.25	0
67843.8	-11.25	0
67859.4	-11.25	0
67875.0	-11.25	0
67890.6	-11.25	0
67906.2	-11.25	0
67921.9	-11.25	0
67937.5	-11.25	0
67953.1	-11.25	0
67968.8	-11.25	0
67984.4	-11.25	0
68000.0	-11.25	0
68015.6	-11.25	0
68031.2	-11.25	0
68046.9	-11.25	0
68062.5	-11.25	0
68078.1	-11.25	0
68093.8	-10.50	0
68109.4	-10.50	0
68125.0	-10.50	0
68140.6	-10.50	0
68156.2	-10.50	0
68171.9	-10.50	0
68187.5	-10.50	0
68203.1	-10.50	0
68218.8	-10.50	0
68234.4	-10.50	0
68250.0	-10.50	0
68265.6	-9.75	0
68281.2	-9.75	0
68296.9	-9.75	0
68312.5	-9.75	0
68328.1	-9.75	0
68343.8	-9.75	0
68359.4	-9.75	0
68375.0	-9.75	0
68390.6	-9.75	0
68406.2	-9.00	0
68421.9	-9.00	0
68437.5	-9.00	0
68453.1	-9.00	0
68468.8	-9.00	0
68484.4	-9.00	0
68500.0	-9.00	0
68515.6	-9.00	0
68531.2	-8.25	0
68546.9	-8.25	0
68562.5	-8.25	0
68578.1	-8.25	0
68593.8	-8.25	0
68609.4	-8.25	0
68625.0	-8.25	0
68640.6	-8.25	0
68656.2	-7.50	0
68671.9	-7.50	0
68687.5	-7.50	0
68703.1	-7.50	0
68718.8	-7.50	0
68734.4	-7.50	0
68750.0	-7.50	0
68765.6	-6.75	0
68781.2	-6.75	0
68796.9	-6.75	0
68812.5	-6.75	0
68828.1	-6.75	0
68843.8	-6.75	0
68859.4	-6.00	0
68875.0	-6.00	0
68890.6	-6.00	0
68906.2	-6.00	0
68921.9	-6.00	0
68937.5	-6.00	0
68953.1	-6.00	0
68968.8	-5.25	0
68984.4	-5.25	0
69000.0	-5.25	0
69015.6	-5.25	0
69031.2	-5.25	0
69046.9	-4.50	0
69062.5	-4.50	0
69078.1	-4.50	0
69093.8	-4.50	0
69109.4	-4.50	0
69125.0	-4.50	0
69140.6	-3.75	0
69156.2	-3.75	0
69171.9	-3.75	0
69187.5	-3.75	0
69203.1	-3.75	0
69218.8	-3.00	0
69234.4	-3.00	0
69250.0	-3.00	0
69265.6	-3.00	0
69281.2	-3.00	0
69296.9	-3.00	0
69312.5	-2.25	0
69328.1	-2.25	1
69343.8	-2.25	0
69359.4	-2.25	0
69375.0	-2.25	0
69390.6	-1.50	0
69406.2	-1.50	0
69421.9	-1.50	0
69437.5	-1.50	0
69453.1	0.00	0
69468.8	0.75	0
69484.4	0.75	0
69500.0	0.75	0
69515.6	0.75	0
69531.2	0.75	0
69546.9	1.50	0
69562.5	1.50	0
69578.1	1.50	0
69593.8	1.50	0
69609.4	1.50	0
69625.0	2.25	0
69640.6	2.25	0
69656.2	2.25	0
69671.9	2.25	0
69687.5	2.25	0
69703.1	3.00	0
69718.8	3.00	0
69734.4	3.00	0
69750.0	3.00	0
69765.6	3.00	0
69781.2	3.75	0
69796.9	3.75	0
69812.5	3.75	0
69828.1	3.75	0
69843.8	3.75	0
69859.4	4.50	0
69875.0	4.50	0
69890.6	4.50	0
69906.2	4.50	0
69921.9	4.50	0
69937.5	5.25	0
69953.1	5.25	0
69968.8	5.25	0
69984.4	5.25	0
70000.0	5.25	0
70015.6	6.00	0
70031.2	6.00	0
70046.9	6.00	0
70062.5	6.00	0
70078.1	6.00	0
70093.8	6.75	0
70109.4	6.75	0
70125.0	6.75	0
70140.6	6.75	0
70156.2	6.75	0
70171.9	7.50	0
70187.5	7.50	0
70203.1	7.50	0
70218.8	7.50	0
70234.4	7.50	0
70250.0	8.25	0
70265.6	8.25	0
70281.2	8.25	0
70296.9	8.25	0
70312.5	8.25	0
70328.1	9.00	0
70343.8	9.00	0
70359.4	9.00	0
70375.0	9.00	0
70390.6	9.00	0
70406.2	9.75	0
70421.9	9.75	0
70437.5	9.75	0
70453.1	9.75	0
70468.8	9.75	0
70484.4	9.75	0
70500.0	10.50	0
70515.6	10.50	0
70531.2	10.50	0
70546.9	10.50	0
70562.5	10.50	0
70578.1	10.50	0
70593.8	11.25	0
70609.4	11.25	0
70625.0	11.25	0
70640.6	11.25	0
70656.2	11.25	0
70671.9	11.25	0
70687.5	12.00	0
70703.1	12.00	0
70718.8	12.00	0
70734.4	12.00	0
70750.0	12.00	0
70765.6	12.00	0
70781.2	12.00	0
70796.9	12.75	0
70812.5	12.75	0
70828.1	12.75	0
70843.8	12.75	0
70859.4	12.75	0
70875.0	12.75	0
70890.6	12.75	0
70906.2	12.75	0
70921.9	13.50	0
70937.5	13.50	0
70953.1	13.50	0
70968.8	13.50	0
70984.4	13.50	0
71000.0	13.50	0
71015.6	13.50	0
71031.2	13.50	0
71046.9	14.25	0
71062.5	14.25	0
71078.1	14.25	0
71093.8	14.25	0
71109.4	14.25	0
71125.0	14.25	0
71140.6	14.25	0
71156.2	14.25	0
71171.9	14.25	0
71187.5	14.25	0
71203.1	14.25	0
71218.8	14.25	0
71234.4	15.00	0
71250.0	15.00	0
71265.6	15.00	0
71281.2	15.00	0
71296.9	15.00	0
71312.5	15.00	0
71328.1	15.00	0
71343.8	15.00	0
71359.4	15.00	0
71375.0	15.00	0
71390.6	15.00	0
71406.2	15.00	0
71421.9	15.00	0
71437.5	15.00	0
71453.1	15.00	0
71468.8	15.00	0
71484.4	15.00	0
71500.0	15.00	0
71515.6	15.00	0
71531.2	15.00	0
71546.9	15.00	0
71562.5	15.00	0
71578.1	15.00	0
71593.8	15.00	0
71609.4	15.75	0
71625.0	15.75	0
71640.6	15.75	0
71656.2	15.75	0
71671.9	15.75	0
71687.5	15.75	0
71703.1	15.75	0
71718.8	15.75	0
71734.4	15.75	0
71750.0	15.75	0
71765.6	15.75	0
71781.2	15.75	0
71796.9	15.75	0
71812.5	15.75	0
71828.1	15.75	0
71843.8	15.75	0
71859.4	15.75	0
71875.0	15.75	0
71890.6	15.75	0
71906.2	15.75	0
71921.9	15.75	0
71937.5	15.75	0
71953.1	15.75	0
71968.8	15.00	0
71984.4	15.00	0
72000.0	15.00	0
72015.6	15.00	0
72031.2	15.00	0
72046.9	15.00	0
72062.5	15.00	0
72078.1	15.00	0
72093.8	15.00	0
72109.4	15.00	0
72125.0	15.00	0
72140.6	15.00	0
72156.2	15.00	0
72171.9	15.00	0
72187.5	14.25	0
72203.1	14.25	0
72218.8	14.25	0
72234.4	14.25	0
72250.0	14.25	0
72265.6	14.25	0
72281.2	14.25	0
72296.9	14.25	0
72312.5	14.25	0
72328.1	13.50	0
72343.8	13.50	0
72359.4	13.50	0
72375.0	13.50	0
72390.6	13.50	0
72406.2	13.50	0
72421.9	13.50	0
72437.5	13.50	0
72453.1	12.75	0
72468.8	12.75	0
72484.4	12.75	0
72500.0	12.75	0
72515.6	12.75	0
72531.2	12.75	0
72546.9	12.75	0
72562.5	12.00	0
72578.1	12.00	0
72593.8	12.00	0
72609.4	12.00	0
72625.0	12.00	0
72640.6	12.00	0
72656.2	12.00	0
72671.9	11.25	0
72687.5	11.25	0
72703.1	11.25	0
72718.8	11.25	0
72734.4	11.25	0
72750.0	11.25	0
72765.6	10.50	0
72781.2	10.50	0
72796.9	10.50	0
72812.5	10.50	0
72828.1	10.50	0
72843.8	9.75	0
72859.4	9.75	0
72875.0	9.75	0
72890.6	9.75	0
72906.2	9.75	0
72921.9	9.75	0
72937.5	9.00	0
72953.1	9.00	0
72968.8	9.00	0
72984.4	9.00	0
73000.0	9.00	0
73015.6	8.25	0
73031.2	8.25	0
73046.9	8.25	0
73062.5	8.25	0
73078.1	8.25	0
73093.8	7.50	0
73109.4	7.50	0
73125.0	7.50	0
73140.6	7.50	0
73156.2	7.50	0
73171.9	6.75	0
73187.5	6.75	0
73203.1	6.75	0
73218.8	6.75	0
73234.4	6.75	0
73250.0	6.00	0
73265.6	6.00	0
73281.2	6.00	0
73296.9	6.00	0
73312.5	6.00	0
73328.1	5.25	0
73343.8	5.25	0
73359.4	5.25	0
73375.0	5.25	0
73390.6	4.50	0
73406.2	4.50	0
73421.9	4.50	0
73437.5	4.50	0
73453.1	4.50	0
73468.8	3.75	0
73484.4	3.75	0
73500.0	3.75	0
73515.6	3.75	0
73531.2	3.75	0
73546.9	3.00	0
73562.5	3.00	0
73578.1	3.00	0
73593.8	3.00	0
73609.4	3.00	0
73625.0	2.25	0
73640.6	2.25	0
73656.2	2.25	0
73671.9	2.25	0
73687.5	2.25	0
73703.1	1.50	0
73718.8	1.50	0
73734.4	1.50	0
73750.0	1.50	0
73765.6	1.50	0
73781.2	0.75	0
73796.9	0.75	0
73812.5	0.00	0
73828.1	0.00	0
73843.8	0.00	0
73859.4	-0.75	0
73875.0	-0.75	0
73890.6	-0.75	0
73906.2	-0.75	0
73921.9	-0.75	0
73937.5	-1.50	0
73953.1	-1.50	0
73968.8	-1.50	0
73984.4	-1.50	0
74000.0	-1.50	0
74015.6	-2.25	0
74031.2	-2.25	0
74046.9	-2.25	0
74062.5	-2.25	0
74078.1	-2.25	0
74093.8	-2.25	0
74109.4	-3.00	0
74125.0	-3.00	0
74140.6	-3.00	0
74156.2	-3.00	0
74171.9	-3.00	0
74187.5	-3.75	0
74203.1	-3.75	0
74218.8	-3.75	0
74234.4	-3.75	0
74250.0	-3.75	0
74265.6	-3.75	0
74281.2	-4.50	0
74296.9	-4.50	0
74312.5	-4.50	0
74328.1	-4.50	0
74343.8	-4.50	0
74359.4	-4.50	0
74375.0	-5.25	0
74390.6	-5.25	0
74406.2	-5.25	0
74421.9	-5.25	0
74437.5	-5.25	0
74453.1	-5.25	0
74468.8	-6.00	0
74484.4	-6.00	0
74500.0	-6.00	0
74515.6	-6.00	0
74531.2	-6.00	0
74546.9	-6.00	0
74562.5	-6.00	0
74578.1	-6.75	0
74593.8	-6.75	0
74609.4	-6.75	0
74625.0	-6.75	0
74640.6	-6.75	0
74656.2	-6.75	0
74671.9	-6.75	0
74687.5	-7.50	0
74703.1	-7.50	0
74718.8	-7.50	0
74734.4	-7.50	0
74750.0	-7.50	0
74765.6	-7.50	0
74781.2	-7.50	0
74796.9	-7.50	0
74812.5	-8.25	0
74828.1	-8.25	0
74843.8	-8.25	0
74859.4	-8.25	0
74875.0	-8.25	0
74890.6	-8.25	0
74906.2	-8.25	0
74921.9	-8.25	0
74937.5	-8.25	0
74953.1	-9.00	0
74968.8	-9.00	0
74984.4	-9.00	0
75000.0	-9.00	0
75015.6	-9.00	0
75031.2	-9.00	0
75046.9	-9.00	0
75062.5	-9.00	0
75078.1	-9.00	0
75093.8	-9.00	0
75109.4	-9.75	0
75125.0	-9.75	0
75140.6	-9.75	0
75156.2	-9.75	0
75171.9	-9.75	0
75187.5	-9.75	0
75203.1	-9.75	0
75218.8	-9.75	0
75234.4	-9.75	0
75250.0	-9.75	0
75265.6	-9.75	0
75281.2	-9.75	0
75296.9	-9.75	0
75312.5	-10.50	0
75328.1	-10.50	0
75343.8	-10.50	0
75359.4	-10.50	0
75375.0	-10.50	0
75390.6	-10.50	0
75406.2	-10.50	0
75421.9	-10.50	0
75437.5	-10.50	0
75453.1	-10.50	0
75468.8	-10.50	0
75484.4	-10.50	0
75500.0	-10.50	0
75515.6	-10.50	0
75531.2	-10.50	0
75546.9	-10.50	0
75562.5	-10.50	0
75578.1	-10.50	0
75593.8	-10.50	0
75609.4	-10.50	0
75625.0	-10.50	0
75640.6	-10.50	0
75656.2	-10.50	0
75671.9	-10.50	0
75687.5	-11.25	0
75703.1	-11.25	0
75718.8	-11.25	0
75734.4	-11.25	0
75750.0	-11.25	0
75765.6	-11.25	0
75781.2	-11.25	0
75796.9	-11.25	0
75812.5	-11.25	0
75828.1	-11.25	0
75843.8	-11.25	0
75859.4	-11.25	0
75875.0	-11.25	0
75890.6	-11.25	0
75906.2	-11.25	0
75921.9	-11.25	0
75937.5	-11.25	0
75953.1	-11.25	0
75968.8	-11.25	0
75984.4	-11.25	0
76000.0	-11.25	0
76015.6	-11.25	0
76031.2	-11.25	0
76046.9	-11.25	0
76062.5	-11.25	0
76078.1	-11.25	0
76093.8	-11.25	0
76109.4	-11.25	0
76125.0	-11.25	0
76140.6	-11.25	0
76156.2	-10.50	0
76171.9	-10.50	0
76187.5	-10.50	0
76203.1	-10.50	0
76218.8	-10.50	0
76234.4	-10.50	0
76250.0	-10.50	0
76265.6	-10.50	0
76281.2	-10.50	0
76296.9	-10.50	0
76312.5	-10.50	0
76328.1	-10.50	0
76343.8	-10.50	0
76359.4	-10.50	0
76375.0	-9.75	0
76390.6	-9.75	0
76406.2	-9.75	0
76421.9	-9.75	0
76437.5	-9.75	0
76453.1	-9.75	0
76468.8	-9.75	0
76484.4	-9.75	0
76500.0	-9.75	0
76515.6	-9.75	0
76531.2	-9.75	0
76546.9	-9.00	0
76562.5	-9.00	0
76578.1	-9.00	0
76593.8	-9.00	0
76609.4	-9.00	0
76625.0	-9.00	0
76640.6	-9.00	0
76656.2	-9.00	0
76671.9	-9.00	0
76687.5	-8.25	0
76703.1	-8.25	0
76718.8	-8.25	0
76734.4	-8.25	0
76750.0	-8.25	0
76765.6	-8.25	0
76781.2	-8.25	0
76796.9	-8.25	0
76812.5	-7.50	0
76828.1	-7.50	0
76843.8	-7.50	0
76859.4	-7.50	0
76875.0	-7.50	0
76890.6	-7.50	0
76906.2	-7.50	0
76921.9	-6.75	0
76937.5	-6.75	0
76953.1	-6.75	0
76968.8	-6.75	0
76984.4	-6.75	0
77000.0	-6.75	0
77015.6	-6.75	0
77031.2	-6.00	0
77046.9	-6.00	0
77062.5	-6.00	0
77078.1	-6.00	0
77093.8	-6.00	0
77109.4	-6.00	0
77125.0	-5.25	0
77140.6	-5.25	0
77156.2	-5.25	0
77171.9	-5.25	0
77187.5	-5.25	0
77203.1	-5.25	0
77218.8	-5.25	0
77234.4	-4.50	0
77250.0	-4.50	0
77265.6	-4.50	0
77281.2	-4.50	0
77296.9	-4.50	0
77312.5	-3.75	0
77328.1	-3.75	0
77343.8	-3.75	0
77359.4	-3.75	0
77375.0	-3.75	0
77390.6	-3.75	0
77406.2	-3.00	0
77421.9	-3.00	0
77437.5	-3.00	0
77453.1	-3.00	0
77468.8	-3.00	0
77484.4	-2.25	0
77500.0	-2.25	0
77515.6	-2.25	0
77531.2	-2.25	0
77546.9	-2.25	0
77562.5	-1.50	0
77578.1	-1.50	1
77593.8	-1.50	0
77609.4	-1.50	0
77625.0	-1.50	0
77640.6	-0.75	0
77656.2	-0.75	0
77671.9	-0.75	0
77687.5	-0.75	0
77703.1	0.00	0
77718.8	0.75	0
77734.4	0.75	0
77750.0	0.75	0
77765.6	0.75	0
77781.2	0.75	0
77796.9	1.50	0
77812.5	1.50	0
77828.1	1.50	0
77843.8	1.50	0
77859.4	1.50	0
77875.0	2.25	0
77890.6	2.25	0
77906.2	2.25	0
77921.9	2.25	0
77937.5	3.00	0
77953.1	3.00	0
77968.8	3.00	0
77984.4	3.00	0
78000.0	3.00	0
78015.6	3.75	0
78031.2	3.75	0
78046.9	3.75	0
78062.5	3.75	0
78078.1	3.75	0
78093.8	4.50	0
78109.4	4.50	0
78125.0	4.50	0
78140.6	4.50	0
78156.2	5.25	0
78171.9	5.25	0
78187.5	5.25	0
78203.1	5.25	0
78218.8	5.25	0
78234.4	6.00	0
78250.0	6.00	0
78265.6	6.00	0
78281.2	6.00	0
78296.9	6.00	0
78312.5	6.75	0
78328.1	6.75	0
78343.8	6.75	0
78359.4	6.75	0
78375.0	7.50	0
78390.6	7.50	0
78406.2	7.50	0
78421.9	7.50	0
78437.5	7.50	0
78453.1	8.25	0
78468.8	8.25	0
78484.4	8.25	0
78500.0	8.25	0
78515.6	8.25	0
78531.2	9.00	0
78546.9	9.00	0
78562.5	9.00	0
78578.1	9.00	0
78593.8	9.00	0
78609.4	9.75	0
78625.0	9.75	0
78640.6	9.75	0
78656.2	9.75	0
78671.9	9.75	0
78687.5	10.50	0
78703.1	10.50	0
78718.8	10.50	0
78734.4	10.50	0
78750.0	10.50	0
78765.6	11.25	0
78781.2	11.25	0
78796.9	11.25	0
78812.5	11.25	0
78828.1	11.25	0
78843.8	11.25	0
78859.4	12.00	0
78875.0	12.00	0
78890.6	12.00	0
78906.2	12.00	0
78921.9	12.00	0
78937.5	12.00	0
78953.1	12.75	0
78968.8	12.75	0
78984.4	12.75	0
79000.0	12.75	0
79015.6	12.75	0
79031.2	12.75	0
79046.9	12.75	0
79062.5	13.50	0
79078.1	13.50	0
79093.8	13.50	0
79109.4	13.50	0
79125.0	13.50	0
79140.6	13.50	0
79156.2	13.50	0
79171.9	14.25	0
79187.5	14.25	0
79203.1	14.25	0
79218.8	14.25	0
79234.4	14.25	0
79250.0	14.25	0
79265.6	14.25	0
79281.2	14.25	0
79296.9	14.25	0
79312.5	14.25	0
79328.1	15.00	0
79343.8	15.00	0
79359.4	15.00	0
79375.0	15.00	0
79390.6	15.00	0
79406.2	15.00	0
79421.9	15.00	0
79437.5	15.00	0
79453.1	15.00	0
79468.8	15.00	0
79484.4	15.00	0
79500.0	15.00	0
79515.6	15.00	0
79531.2	15.00	0
79546.9	15.75	0
79562.5	15.75	0
79578.1	15.75	0
79593.8	15.75	0
79609.4	15.75	0
79625.0	15.75	0
79640.6	15.75	0
79656.2	15.75	0
79671.9	15.75	0
79687.5	15.75	0
79703.1	15.75	0
79718.8	15.75	0
79734.4	15.75	0
79750.0	15.75	0
79765.6	15.75	0
79781.2	15.75	0
79796.9	15.75	0
79812.5	15.75	0
79828.1	15.75	0
79843.8	15.75	0
79859.4	15.75	0
79875.0	15.75	0
79890.6	15.75	0
79906.2	15.75	0
79921.9	15.75	0
79937.5	15.75	0
79953.1	15.75	0
79968.8	15.75	0
79984.4	15.75	0
80000.0	15.75	0
80015.6	15.75	0
80031.2	15.75	0
80046.9	15.75	0
80062.5	15.75	0
80078.1	15.75	0
80093.8	15.75	0
80109.4	15.75	0
80125.0	15.75	0
80140.6	15.75	0
80156.2	15.75	0
80171.9	15.00	0
80187.5	15.00	0
80203.1	15.00	0
80218.8	15.00	0
80234.4	15.00	0
80250.0	15.00	0
80265.6	15.00	0
80281.2	15.00	0
80296.9	15.00	0
80312.5	15.00	0
80328.1	15.00	0
80343.8	15.00	0
80359.4	14.25	0
80375.0	14.25	0
80390.6	14.25	0
80406.2	14.25	0
80421.9	14.25	0
80437.5	14.25	0
80453.1	14.25	0
80468.8	14.25	0
80484.4	14.25	0
80500.0	13.50	0
80515.6	13.50	0
80531.2	13.50	0
80546.9	13.50	0
80562.5	13.50	0
80578.1	13.50	0
80593.8	13.50	0
80609.4	12.75	0
80625.0	12.75	0
80640.6	12.75	0
80656.2	12.75	0
80671.9	12.75	0
80687.5	12.75	0
80703.1	12.75	0
80718.8	12.00	0
80734.4	12.00	0
80750.0	12.00	0
80765.6	12.00	0
80781.2	12.00	0
80796.9	12.00	0
80812.5	12.00	0
80828.1	11.25	0
80843.8	11.25	0
80859.4	11.25	0
80875.0	11.25	0
80890.6	11.25	0
80906.2	11.25	0
80921.9	10.50	0
80937.5	10.50	0
80953.1	10.50	0
80968.8	10.50	0
80984.4	10.50	0
81000.0	9.75	0
81015.6	9.75	0
81031.2	9.75	0
81046.9	9.75	0
81062.5	9.75	0
81078.1	9.75	0
81093.8	9.00	0
81109.4	9.00	0
81125.0	9.00	0
81140.6	9.00	0
81156.2	9.00	0
81171.9	8.25	0
81187.5	8.25	0
81203.1	8.25	0
81218.8	8.25	0
81234.4	8.25	0
81250.0	8.25	0
81265.6	7.50	0
81281.2	7.50	0
81296.9	7.50	0
81312.5	7.50	0
81328.1	7.50	0
81343.8	6.75	0
81359.4	6.75	0
81375.0	6.75	0
81390.6	6.75	0
81406.2	6.75	0
81421.9	6.00	0
81437.5	6.00	0
81453.1	6.00	0
81468.8	6.00	0
81484.4	5.25	0
81500.0	5.25	0
81515.6	5.25	0
81531.2	5.25	0
81546.9	5.25	0
81562.5	4.50	0
81578.1	4.50	0
81593.8	4.50	0
81609.4	4.50	0
81625.0	4.50	0
81640.6	3.75	0
81656.2	3.75	0
81671.9	3.75	0
81687.5	3.75	0
81703.1	3.75	0
81718.8	3.00	0
81734.4	3.00	0
81750.0	3.00	0
81765.6	3.00	0
81781.2	2.25	0
81796.9	2.25	0
81812.5	2.25	0
81828.1	2.25	0
81843.8	2.25	0
81859.4	1.50	0
81875.0	1.50	0
81890.6	1.50	0
81906.2	1.50	0
81921.9	1.50	0
81937.5	0.75	0
81953.1	0.75	0
81968.8	0.75	0
81984.4	0.00	0
82000.0	0.00	0
82015.6	-0.75	0
82031.2	-0.75	0
82046.9	-0.75	0
82062.5	-0.75	0
82078.1	-0.75	0
82093.8	-1.50	0
82109.4	-1.50	0
82125.0	-1.50	0
82140.6	-1.50	0
82156.2	-1.50	0
82171.9	-2.25	0
82187.5	-2.25	0
82203.1	-2.25	0
82218.8	-2.25	0
82234.4	-2.25	0
82250.0	-3.00	0
82265.6	-3.00	0
82281.2	-3.00	0
82296.9	-3.00	0
82312.5	-3.00	0
82328.1	-3.75	0
82343.8	-3.75	0
82359.4	-3.75	0
82375.0	-3.75	0
82390.6	-3.75	0
82406.2	-4.50	0
82421.9	-4.50	0
82437.5	-4.50	0
82453.1	-4.50	0
82468.8	-4.50	0
82484.4	-4.50	0
82500.0	-5.25	0
82515.6	-5.25	0
82531.2	-5.25	0
82546.9	-5.25	0
82562.5	-5.25	0
82578.1	-5.25	0
82593.8	-6.00	0
82609.4	-6.00	0
82625.0	-6.00	0
82640.6	-6.00	0
82656.2	-6.00	0
82671.9	-6.00	0
82687.5	-6.75	0
82703.1	-6.75	0
82718.8	-6.75	0
82734.4	-6.75	0
82750.0	-6.75	0
82765.6	-6.75	0
82781.2	-7.50	0
82796.9	-7.50	0
82812.5	-7.50	0
82828.1	-7.50	0
82843.8	-7.50	0
82859.4	-7.50	0
82875.0	-7.50	0
82890.6	-7.50	0
82906.2	-8.25	0
82921.9	-8.25	0
82937.5	-8.25	0
82953.1	-8.25	0
82968.8	-8.25	0
82984.4	-8.25	0
83000.0	-8.25	0
83015.6	-8.25	0
83031.2	-9.00	0
83046.9	-9.00	0
83062.5	-9.00	0
83078.1	-9.00	0
83093.8	-9.00	0
83109.4	-9.00	0
83125.0	-9.00	0
83140.6	-9.00	0
83156.2	-9.00	0
83171.9	-9.00	0
83187.5	-9.75	0
83203.1	-9.75	0
83218.8	-9.75	0
83234.4	-9.75	0
83250.0	-9.75	0
83265.6	-9.75	0
83281.2	-9.75	0
83296.9	-9.75	0
83312.5	-9.75	0
83328.1	-9.75	0
83343.8	-9.75	0
83359.4	-9.75	0
83375.0	-10.50	0
83390.6	-10.50	0
83406.2	-10.50	0
83421.9	-10.50	0
83437.5	-10.50	0
83453.1	-10.50	0
83468.8	-10.50	0
83484.4	-10.50	0
83500.0	-10.50	0
83515.6	-10.50	0
83531.2	-10.50	0
