1984.4	1.50	0
2000.0	3.75	0
2015.6	4.50	0
2031.2	6.00	0
2046.9	7.50	0
2062.5	9.75	0
2078.1	11.25	0
2093.8	12.00	0
2109.4	13.50	0
2125.0	15.00	0
2140.6	16.50	0
2156.2	18.00	0
2171.9	19.50	0
2187.5	20.25	0
2203.1	21.75	0
2218.8	23.25	0
2234.4	24.00	0
2250.0	25.50	0
2265.6	26.25	0
2281.2	27.75	0
2296.9	28.50	0
2312.5	29.25	0
2328.1	30.00	0
2343.8	31.50	0
2359.4	32.25	0
2375.0	33.00	0
2390.6	33.75	0
2406.2	34.50	0
2421.9	35.25	0
2437.5	36.00	0
2453.1	36.00	0
2468.8	36.75	0
2484.4	37.50	0
2500.0	37.50	0
2515.6	38.25	0
2531.2	38.25	0
2546.9	39.00	0
2562.5	39.00	0
2578.1	39.75	0
2593.8	39.75	0
2609.4	39.75	0
2625.0	39.75	0
2640.6	39.75	0
2656.2	39.75	0
2671.9	39.75	0
2687.5	39.75	0
2703.1	39.75	0
2718.8	39.75	0
2734.4	39.00	0
2750.0	39.00	0
2765.6	39.00	0
2781.2	38.25	0
2796.9	38.25	0
2812.5	37.50	0
2828.1	37.50	0
2843.8	36.75	0
2859.4	36.75	0
2875.0	36.00	0
2890.6	35.25	0
2906.2	35.25	0
2921.9	34.50	0
2937.5	33.75	0
2953.1	33.00	0
2968.8	32.25	0
2984.4	31.50	0
3000.0	30.75	0
3015.6	30.00	0
3031.2	29.25	0
3046.9	28.50	0
3062.5	27.75	0
3078.1	27.00	0
3093.8	26.25	0
3109.4	25.50	0
3125.0	24.75	0
3140.6	24.00	0
3156.2	22.50	0
3171.9	21.75	0
3187.5	21.00	0
3203.1	19.50	0
3218.8	18.75	0
3234.4	18.00	0
3250.0	17.25	0
3265.6	15.75	0
3281.2	15.00	0
3296.9	14.25	0
3312.5	13.50	0
3328.1	12.00	0
3343.8	11.25	0
3359.4	10.50	0
3375.0	9.00	0
3390.6	8.25	0
3406.2	7.50	0
3421.9	6.00	0
3437.5	5.25	0
3453.1	4.50	0
3468.8	3.75	0
3484.4	2.25	0
3500.0	1.50	0
3515.6	0.75	0
3531.2	0.00	0
3546.9	-0.75	0
3562.5	-1.50	0
3578.1	-2.25	0
3593.8	-3.00	0
3609.4	-3.75	0
3625.0	-4.50	0
3640.6	-5.25	0
3656.2	-6.00	0
3671.9	-6.75	0
3687.5	-7.50	0
3703.1	-8.25	0
3718.8	-9.00	0
3734.4	-9.75	0
3750.0	-10.50	0
3765.6	-11.25	0
3781.2	-12.00	0
3796.9	-12.00	0
3812.5	-12.75	0
3828.1	-13.50	0
3843.8	-14.25	0
3859.4	-14.25	0
3875.0	-15.00	0
3890.6	-15.75	0
3906.2	-15.75	0
3921.9	-16.50	0
3937.5	-16.50	0
3953.1	-17.25	0
3968.8	-17.25	0
3984.4	-18.00	0
4000.0	-18.00	0
4015.6	-18.00	0
4031.2	-18.75	0
4046.9	-18.75	0
4062.5	-18.75	0
4078.1	-18.75	0
4093.8	-18.75	0
4109.4	-19.50	0
4125.0	-19.50	0
4140.6	-19.50	0
4156.2	-19.50	0
4171.9	-19.50	0
4187.5	-19.50	0
4203.1	-19.50	0
4218.8	-19.50	0
4234.4	-19.50	0
4250.0	-19.50	0
4265.6	-19.50	0
4281.2	-19.50	0
4296.9	-18.75	0
4312.5	-18.75	0
4328.1	-18.75	0
4343.8	-18.75	0
4359.4	-18.00	0
4375.0	-18.00	0
4390.6	-17.25	0
4406.2	-17.25	0
4421.9	-17.25	0
4437.5	-16.50	0
4453.1	-16.50	0
4468.8	-15.75	0
4484.4	-15.75	0
4500.0	-15.00	0
4515.6	-15.00	0
4531.2	-14.25	0
4546.9	-13.50	0
4562.5	-13.50	0
4578.1	-12.75	0
4593.8	-12.75	0
4609.4	-12.00	0
4625.0	-11.25	0
4640.6	-11.25	0
4656.2	-10.50	0
4671.9	-9.75	0
4687.5	-9.75	0
4703.1	-9.00	0
4718.8	-8.25	0
4734.4	-7.50	0
4750.0	-7.50	0
4765.6	-6.75	0
4781.2	-6.00	0
4796.9	-5.25	0
4812.5	-5.25	0
4828.1	-4.50	0
4843.8	-3.75	0
4859.4	-3.00	0
4875.0	-3.00	0
4890.6	-2.25	0
4906.2	-1.50	0
4921.9	-0.75	0
4937.5	0.00	0
4953.1	0.75	0
4968.8	1.50	0
4984.4	2.25	0
5000.0	3.00	0
5015.6	3.00	0
5031.2	3.75	0
5046.9	4.50	0
5062.5	4.50	0
5078.1	5.25	0
5093.8	6.00	0
5109.4	6.00	0
5125.0	6.75	0
5140.6	7.50	0
5156.2	7.50	0
5171.9	8.25	0
5187.5	8.25	0
5203.1	9.00	0
5218.8	9.75	0
5234.4	9.75	0
5250.0	10.50	0
5265.6	10.50	0
5281.2	11.25	0
5296.9	11.25	0
5312.5	12.00	0
5328.1	12.00	0
5343.8	12.75	0
5359.4	12.75	0
5375.0	12.75	0
5390.6	13.50	0
5406.2	13.50	0
5421.9	14.25	0
5437.5	14.25	0
5453.1	14.25	0
5468.8	14.25	0
5484.4	15.00	0
5500.0	15.00	0
5515.6	15.00	0
5531.2	15.00	0
5546.9	15.75	0
5562.5	15.75	0
5578.1	15.75	0
5593.8	15.75	0
5609.4	15.75	0
5625.0	15.75	0
5640.6	15.75	0
5656.2	15.75	0
5671.9	15.75	0
5687.5	15.75	0
5703.1	15.75	0
5718.8	15.75	0
5734.4	15.75	0
5750.0	15.75	0
5765.6	15.75	0
5781.2	15.75	0
5796.9	15.00	0
5812.5	15.00	0
5828.1	15.00	0
5843.8	15.00	0
5859.4	15.00	0
5875.0	15.00	0
5890.6	14.25	0
5906.2	14.25	0
5921.9	14.25	0
5937.5	14.25	0
5953.1	13.50	0
5968.8	13.50	0
5984.4	13.50	0
6000.0	12.75	0
6015.6	12.75	0
6031.2	12.75	0
6046.9	12.75	0
6062.5	12.00	0
6078.1	12.00	0
6093.8	11.25	0
6109.4	11.25	0
6125.0	11.25	0
6140.6	10.50	0
6156.2	10.50	0
6171.9	9.75	0
6187.5	9.75	0
6203.1	9.75	0
6218.8	9.00	0
6234.4	9.00	0
6250.0	8.25	0
6265.6	8.25	0
6281.2	7.50	0
6296.9	7.50	0
6312.5	7.50	0
6328.1	6.75	0
6343.8	6.75	0
6359.4	6.00	0
6375.0	6.00	0
6390.6	5.25	0
6406.2	5.25	0
6421.9	4.50	0
6437.5	4.50	0
6453.1	3.75	0
6468.8	3.75	0
6484.4	3.75	0
6500.0	3.00	0
6515.6	3.00	0
6531.2	2.25	0
6546.9	2.25	0
6562.5	1.50	0
6578.1	1.50	0
6593.8	1.50	0
6609.4	0.75	0
6625.0	0.75	0
6640.6	0.75	0
6656.2	0.00	0
6671.9	0.00	0
6687.5	-0.75	0
6703.1	-0.75	0
6718.8	-0.75	0
6734.4	-1.50	0
6750.0	-1.50	0
6765.6	-1.50	0
6781.2	-2.25	0
6796.9	-2.25	0
6812.5	-2.25	0
6828.1	-2.25	0
6843.8	-3.00	0
6859.4	-3.00	0
6875.0	-3.00	0
6890.6	-3.00	0
6906.2	-3.75	0
6921.9	-3.75	0
6937.5	-3.75	0
6953.1	-3.75	0
6968.8	-3.75	0
6984.4	-4.50	0
7000.0	-4.50	0
7015.6	-4.50	0
7031.2	-4.50	0
7046.9	-4.50	0
7062.5	-4.50	0
7078.1	-4.50	0
7093.8	-4.50	0
7109.4	-4.50	0
7125.0	-5.25	0
7140.6	-5.25	0
7156.2	-5.25	0
7171.9	-5.25	0
7187.5	-5.25	0
7203.1	-5.25	0
7218.8	-5.25	0
7234.4	-5.25	0
7250.0	-5.25	0
7265.6	-5.25	0
7281.2	-5.25	0
7296.9	-5.25	0
7312.5	-5.25	0
7328.1	-5.25	0
7343.8	-5.25	0
7359.4	-5.25	0
7375.0	-4.50	0
7390.6	-4.50	0
7406.2	-4.50	0
7421.9	-4.50	0
7437.5	-4.50	0
7453.1	-4.50	0
7468.8	-4.50	0
7484.4	-3.75	0
7500.0	-3.75	0
7515.6	-3.75	0
7531.2	-3.75	0
7546.9	-3.75	0
7562.5	-3.00	0
7578.1	-3.00	0
7593.8	-3.00	0
7609.4	-3.00	0
7625.0	-3.00	0
7640.6	-2.25	0
7656.2	-2.25	0
7671.9	-2.25	0
7687.5	-2.25	0
7703.1	-1.50	0
7718.8	-1.50	0
7734.4	-1.50	0
7750.0	-1.50	0
7765.6	-0.75	0
7781.2	-0.75	0
7796.9	-0.75	0
7812.5	0.00	0
7828.1	0.75	0
7843.8	0.75	0
7859.4	0.75	0
7875.0	0.75	0
7890.6	1.50	0
7906.2	1.50	0
7921.9	1.50	0
7937.5	2.25	0
7953.1	2.25	0
7968.8	2.25	0
7984.4	2.25	0
8000.0	3.00	0
8015.6	3.00	0
8031.2	3.00	0
8046.9	3.00	0
8062.5	3.75	0
8078.1	3.75	0
8093.8	3.75	0
8109.4	3.75	0
8125.0	4.50	0
8140.6	4.50	0
8156.2	4.50	0
8171.9	4.50	0
8187.5	4.50	0
8203.1	5.25	0
8218.8	5.25	0
8234.4	5.25	0
8250.0	5.25	0
8265.6	5.25	0
8281.2	6.00	0
8296.9	6.00	0
8312.5	6.00	0
8328.1	6.00	0
8343.8	6.00	0
8359.4	6.00	0
8375.0	6.75	0
8390.6	6.75	0
8406.2	6.75	0
8421.9	6.75	0
8437.5	6.75	0
8453.1	6.75	0
8468.8	6.75	0
8484.4	6.75	0
8500.0	6.75	0
8515.6	7.50	0
8531.2	7.50	0
8546.9	7.50	0
8562.5	7.50	0
8578.1	7.50	0
8593.8	7.50	0
8609.4	7.50	0
8625.0	7.50	0
8640.6	7.50	0
8656.2	7.50	0
8671.9	7.50	0
8687.5	7.50	0
8703.1	7.50	0
8718.8	7.50	0
8734.4	7.50	0
8750.0	7.50	0
8765.6	7.50	0
8781.2	7.50	0
8796.9	7.50	0
8812.5	6.75	0
8828.1	6.75	0
8843.8	6.75	0
8859.4	6.75	0
8875.0	6.75	0
8890.6	6.75	0
8906.2	6.75	0
8921.9	6.75	0
8937.5	6.75	0
8953.1	6.75	0
8968.8	6.75	0
8984.4	6.75	0
9000.0	6.75	0
9015.6	6.00	0
9031.2	6.00	0
9046.9	6.00	0
9062.5	6.00	0
9078.1	6.00	0
9093.8	6.00	0
9109.4	6.00	0
9125.0	6.00	0
9140.6	5.25	0
9156.2	5.25	0
9171.9	5.25	0
9187.5	5.25	0
9203.1	5.25	0
9218.8	5.25	0
9234.4	5.25	0
9250.0	5.25	0
9265.6	4.50	0
9281.2	4.50	0
9296.9	4.50	0
9312.5	4.50	0
9328.1	4.50	0
9343.8	4.50	0
9359.4	3.75	0
9375.0	3.75	0
9390.6	3.75	0
9406.2	3.75	0
9421.9	3.75	0
9437.5	3.75	0
9453.1	3.75	0
9468.8	3.00	0
9484.4	3.00	0
9500.0	3.00	0
9515.6	3.00	0
9531.2	3.00	0
9546.9	3.00	0
9562.5	2.25	0
9578.1	2.25	0
9593.8	2.25	0
9609.4	2.25	0
9625.0	2.25	0
9640.6	2.25	0
9656.2	2.25	0
9671.9	2.25	0
9687.5	1.50	0
9703.1	1.50	0
9718.8	1.50	0
9734.4	1.50	0
9750.0	1.50	0
9765.6	1.50	0
9781.2	1.50	0
9796.9	1.50	0
9812.5	0.75	0
9828.1	0.75	0
9843.8	0.75	0
9859.4	0.75	0
9875.0	0.75	0
9890.6	0.75	0
9906.2	0.75	0
9921.9	0.75	0
9937.5	0.75	0
9953.1	0.75	0
9968.8	0.75	0
9984.4	0.75	0
10000.0	0.75	0
10015.6	0.75	0
10031.2	0.00	0
10046.9	0.00	0
10062.5	0.00	0
10078.1	0.00	0
10093.8	0.00	0
10109.4	0.00	0
10125.0	0.00	0
10140.6	0.00	0
10156.2	0.00	0
10171.9	0.00	0
10187.5	0.00	0
10203.1	0.00	0
10218.8	0.00	0
10234.4	0.00	0
10250.0	0.00	0
10265.6	0.00	0
10281.2	0.00	0
10296.9	0.00	0
10312.5	0.00	0
10328.1	0.00	0
10343.8	0.00	0
10359.4	0.00	0
10375.0	0.00	0
10390.6	0.00	0
10406.2	0.00	0
10421.9	0.00	0
10437.5	0.00	0
10453.1	0.00	0
10468.8	0.00	0
10484.4	0.00	0
10500.0	0.00	0
10515.6	0.00	0
10531.2	0.00	0
10546.9	0.00	0
10562.5	0.00	0
10578.1	0.00	0
10593.8	0.00	0
10609.4	0.00	0
10625.0	0.00	0
10640.6	0.00	0
10656.2	0.00	0
10671.9	0.00	0
10687.5	0.00	0
10703.1	0.00	0
10718.8	0.00	0
10734.4	0.00	0
10750.0	0.00	0
10765.6	0.00	0
10781.2	0.75	0
10796.9	0.75	0
10812.5	0.75	0
10828.1	0.75	0
10843.8	0.75	0
10859.4	0.75	0
10875.0	0.75	0
10890.6	0.75	0
10906.2	0.75	0
10921.9	0.75	0
10937.5	0.75	0
10953.1	0.75	0
10968.8	1.50	0
10984.4	1.50	0
11000.0	1.50	0
11015.6	1.50	0
11031.2	1.50	0
11046.9	1.50	0
11062.5	1.50	0
11078.1	1.50	0
11093.8	1.50	0
11109.4	1.50	0
11125.0	1.50	0
11140.6	1.50	0
11156.2	2.25	0
11171.9	2.25	0
11187.5	2.25	0
11203.1	2.25	0
11218.8	2.25	0
11234.4	2.25	0
11250.0	2.25	0
11265.6	2.25	0
11281.2	2.25	0
11296.9	2.25	0
11312.5	2.25	0
11328.1	2.25	0
11343.8	2.25	0
11359.4	2.25	0
11375.0	2.25	0
11390.6	3.00	0
11406.2	3.00	0
11421.9	3.00	0
11437.5	3.00	0
11453.1	3.00	0
11468.8	3.00	0
11484.4	3.00	0
11500.0	3.00	0
11515.6	3.00	0
11531.2	3.00	0
11546.9	3.00	0
11562.5	3.00	0
11578.1	3.00	0
11593.8	3.00	0
11609.4	3.00	0
11625.0	3.00	0
11640.6	3.00	0
11656.2	3.00	0
11671.9	3.00	0
11687.5	3.00	0
11703.1	3.00	0
11718.8	3.00	0
11734.4	3.00	0
11750.0	3.00	0
11765.6	3.00	0
11781.2	3.00	0
11796.9	3.00	0
11812.5	3.00	0
11828.1	3.00	0
11843.8	3.00	0
11859.4	3.00	0
11875.0	3.00	0
11890.6	3.00	0
11906.2	2.25	0
11921.9	2.25	0
11937.5	2.25	0
11953.1	2.25	0
11968.8	2.25	0
11984.4	2.25	0
12000.0	2.25	0
12015.6	2.25	0
12031.2	2.25	0
12046.9	2.25	0
12062.5	2.25	0
12078.1	2.25	0
12093.8	2.25	0
12109.4	2.25	0
12125.0	2.25	0
12140.6	2.25	0
12156.2	2.25	0
12171.9	2.25	0
12187.5	2.25	0
12203.1	2.25	0
12218.8	2.25	0
12234.4	2.25	0
12250.0	2.25	0
12265.6	2.25	0
12281.2	2.25	0
12296.9	2.25	0
12312.5	1.50	0
12328.1	1.50	0
12343.8	1.50	0
12359.4	1.50	0
12375.0	1.50	0
12390.6	1.50	0
12406.2	1.50	0
12421.9	1.50	0
12437.5	1.50	0
12453.1	1.50	0
12468.8	1.50	0
12484.4	1.50	0
12500.0	1.50	0
12515.6	1.50	0
12531.2	1.50	0
12546.9	1.50	0
12562.5	1.50	0
12578.1	1.50	0
12593.8	1.50	0
12609.4	1.50	0
12625.0	0.75	0
12640.6	0.75	0
12656.2	0.75	0
12671.9	0.75	0
12687.5	0.75	0
12703.1	0.75	0
12718.8	0.75	0
12734.4	0.75	0
12750.0	0.75	0
12765.6	0.75	0
12781.2	0.75	0
12796.9	0.75	0
12812.5	0.75	0
12828.1	0.75	0
12843.8	0.75	0
12859.4	0.75	0
12875.0	0.75	0
12890.6	0.75	0
12906.2	0.75	0
12921.9	0.75	0
12937.5	0.75	0
12953.1	0.75	0
12968.8	0.75	0
12984.4	0.75	0
13000.0	0.75	0
13015.6	0.75	0
13031.2	0.75	0
13046.9	0.75	0
13062.5	0.75	0
13078.1	0.75	0
13093.8	0.75	0
13109.4	0.75	0
13125.0	0.75	0
13140.6	0.75	0
13156.2	0.75	0
13171.9	0.75	0
13187.5	0.75	0
13203.1	0.75	0
13218.8	0.75	0
13234.4	0.75	0
13250.0	0.75	0
13265.6	0.75	0
13281.2	0.75	0
13296.9	0.75	0
13312.5	0.75	0
13328.1	0.75	0
13343.8	0.75	0
13359.4	0.75	0
13375.0	0.75	0
13390.6	0.75	0
13406.2	0.75	0
13421.9	0.75	0
13437.5	0.75	0
13453.1	0.75	0
13468.8	0.75	0
13484.4	0.75	0
13500.0	0.75	0
13515.6	0.75	0
13531.2	0.75	0
13546.9	0.75	0
13562.5	0.75	0
13578.1	0.75	0
13593.8	0.75	0
13609.4	0.75	0
13625.0	0.75	0
13640.6	0.75	0
13656.2	0.75	0
13671.9	0.75	0
13687.5	0.75	0
13703.1	0.75	0
13718.8	0.75	0
13734.4	0.75	0
13750.0	0.75	0
13765.6	0.75	0
13781.2	0.75	0
13796.9	0.75	0
13812.5	0.75	0
13828.1	0.75	0
13843.8	0.75	0
13859.4	0.75	0
13875.0	0.75	0
13890.6	0.75	0
13906.2	0.75	0
13921.9	0.75	0
13937.5	0.75	0
13953.1	0.75	0
13968.8	0.75	0
13984.4	0.75	0
14000.0	0.75	0
14015.6	0.75	0
14031.2	0.75	0
14046.9	0.75	0
14062.5	0.75	0
14078.1	0.75	0
14093.8	0.75	0
14109.4	0.75	0
14125.0	0.75	0
14140.6	0.75	0
14156.2	0.75	0
14171.9	0.75	0
14187.5	0.75	0
14203.1	0.75	0
14218.8	0.75	0
14234.4	0.75	0
14250.0	0.75	0
14265.6	0.75	0
14281.2	0.75	0
14296.9	0.75	0
14312.5	0.75	0
14328.1	0.75	0
14343.8	0.75	0
14359.4	0.75	0
14375.0	0.75	0
14390.6	0.75	0
14406.2	0.75	0
14421.9	0.75	0
14437.5	0.75	0
14453.1	0.75	0
14468.8	0.75	0
14484.4	0.75	0
14500.0	0.75	0
14515.6	0.75	0
14531.2	0.75	0
14546.9	0.75	0
14562.5	0.75	0
14578.1	0.75	0
14593.8	0.75	0
14609.4	0.75	0
14625.0	0.75	0
14640.6	0.75	0
14656.2	0.75	0
14671.9	0.75	0
14687.5	0.75	0
14703.1	0.75	0
14718.8	0.75	0
14734.4	0.75	0
14750.0	0.75	0
14765.6	0.75	0
14781.2	0.75	0
14796.9	0.75	0
14812.5	0.75	0
14828.1	0.75	0
14843.8	0.75	0
14859.4	0.75	0
14875.0	0.75	0
14890.6	0.75	0
14906.2	0.75	0
14921.9	0.75	0
14937.5	0.75	0
14953.1	0.75	0
14968.8	0.75	0
14984.4	0.75	0
15000.0	0.75	0
15015.6	0.75	0
15031.2	0.75	0
15046.9	0.75	0
15062.5	0.75	0
15078.1	0.75	0
15093.8	0.75	0
15109.4	0.75	0
15125.0	0.75	0
15140.6	0.75	0
15156.2	0.75	0
15171.9	0.75	0
15187.5	0.75	0
15203.1	0.75	0
15218.8	0.75	0
15234.4	0.75	0
15250.0	0.75	0
15265.6	0.75	0
15281.2	0.75	0
15296.9	0.75	0
15312.5	0.75	0
15328.1	0.75	0
15343.8	0.75	0
15359.4	0.75	0
15375.0	0.75	0
15390.6	0.75	0
15406.2	0.75	0
15421.9	0.75	0
15437.5	0.75	0
15453.1	0.75	0
15468.8	0.75	0
15484.4	0.75	0
15500.0	0.75	0
15515.6	0.75	0
15531.2	0.75	0
15546.9	0.75	0
15562.5	0.75	0
15578.1	0.75	0
15593.8	0.75	0
15609.4	0.75	0
15625.0	0.75	0
15640.6	0.75	0
15656.2	0.75	0
15671.9	0.75	0
15687.5	0.75	0
15703.1	0.75	0
15718.8	0.75	0
15734.4	0.75	0
15750.0	0.75	0
15765.6	0.75	0
15781.2	0.75	0
15796.9	0.75	0
15812.5	0.75	0
15828.1	0.75	0
15843.8	0.75	0
15859.4	0.75	0
15875.0	0.75	0
15890.6	0.75	0
15906.2	0.75	0
15921.9	0.75	0
15937.5	0.75	0
15953.1	0.75	0
15968.8	0.75	0
15984.4	0.75	0
16000.0	0.75	0
16015.6	0.75	0
16031.2	0.75	0
16046.9	0.75	0
16062.5	0.75	0
16078.1	0.75	0
16093.8	0.75	0
16109.4	0.75	0
16125.0	0.75	0
16140.6	0.75	0
16156.2	0.75	0
16171.9	0.75	0
16187.5	0.75	0
16203.1	0.75	0
16218.8	0.75	0
16234.4	0.75	0
16250.0	0.75	0
16265.6	0.75	0
16281.2	0.75	0
16296.9	0.75	0
16312.5	0.75	0
16328.1	0.75	0
16343.8	0.75	0
16359.4	0.75	0
16375.0	0.75	0
16390.6	0.75	0
16406.2	0.75	0
16421.9	0.75	0
16437.5	0.75	0
16453.1	0.75	0
16468.8	0.75	0
16484.4	0.75	0
16500.0	0.75	0
16515.6	0.75	0
16531.2	0.75	0
16546.9	0.75	0
16562.5	0.75	0
16578.1	0.75	0
16593.8	0.75	0
16609.4	0.75	0
16625.0	0.75	0
16640.6	0.75	0
16656.2	0.75	0
16671.9	0.75	0
16687.5	0.75	0
16703.1	0.75	0
16718.8	0.75	0
16734.4	0.75	0
16750.0	0.75	0
16765.6	0.75	0
16781.2	0.75	0
16796.9	0.75	0
16812.5	0.75	0
16828.1	0.75	0
16843.8	0.75	0
16859.4	0.75	0
16875.0	0.75	0
16890.6	0.75	0
16906.2	0.75	0
16921.9	0.75	0
16937.5	0.75	0
16953.1	0.75	0
16968.8	0.75	0
16984.4	0.75	0
17000.0	0.75	0
17015.6	0.75	0
17031.2	0.75	0
17046.9	0.75	0
17062.5	0.75	0
17078.1	0.75	0
17093.8	0.75	0
17109.4	0.75	0
17125.0	0.75	0
17140.6	0.75	0
17156.2	0.75	0
17171.9	0.75	0
17187.5	0.75	0
17203.1	0.75	0
17218.8	0.75	0
17234.4	0.75	0
17250.0	0.75	0
17265.6	0.75	0
17281.2	0.75	0
17296.9	0.75	0
17312.5	0.75	0
17328.1	0.75	0
17343.8	0.75	0
17359.4	0.75	0
17375.0	0.75	0
17390.6	0.75	0
17406.2	0.75	0
17421.9	0.75	0
17437.5	0.75	0
17453.1	0.75	0
17468.8	0.75	0
17484.4	0.75	0
17500.0	0.75	0
17515.6	0.75	0
17531.2	0.75	0
17546.9	0.75	0
17562.5	0.75	0
17578.1	0.75	0
17593.8	0.75	0
17609.4	0.75	0
17625.0	0.75	0
17640.6	0.75	0
17656.2	0.75	0
17671.9	0.75	0
17687.5	0.75	0
17703.1	0.75	0
17718.8	0.75	0
17734.4	0.75	0
17750.0	0.75	0
17765.6	0.75	0
17781.2	0.75	0
17796.9	0.75	0
17812.5	0.75	0
17828.1	0.75	0
17843.8	0.75	0
17859.4	0.75	0
17875.0	0.75	0
17890.6	0.75	0
17906.2	0.75	0
17921.9	0.75	0
17937.5	0.75	0
17953.1	0.75	0
17968.8	0.75	0
17984.4	0.75	0
18000.0	0.75	0
18015.6	0.75	0
18031.2	0.75	0
18046.9	0.75	0
18062.5	0.75	0
18078.1	0.75	0
18093.8	0.75	0
18109.4	0.75	0
18125.0	0.75	0
18140.6	0.75	0
18156.2	0.75	0
18171.9	0.75	0
18187.5	0.75	0
18203.1	0.75	0
18218.8	0.75	0
18234.4	0.75	0
18250.0	0.75	0
18265.6	0.75	0
18281.2	0.75	0
18296.9	0.75	0
18312.5	0.75	0
18328.1	0.75	0
18343.8	0.75	0
18359.4	0.75	0
18375.0	0.75	0
18390.6	0.75	0
18406.2	0.75	0
18421.9	0.75	0
18437.5	0.75	0
18453.1	0.75	0
18468.8	0.75	0
18484.4	0.75	0
18500.0	0.75	0
18515.6	0.75	0
18531.2	0.75	0
18546.9	0.75	0
18562.5	0.75	0
18578.1	0.75	0
18593.8	0.75	0
18609.4	0.75	0
18625.0	0.75	0
18640.6	0.75	0
18656.2	0.75	0
18671.9	0.75	0
18687.5	0.75	0
18703.1	0.75	0
18718.8	0.75	0
18734.4	0.75	0
18750.0	0.75	0
18765.6	0.75	0
18781.2	0.75	0
18796.9	0.75	0
18812.5	0.75	0
18828.1	0.75	0
18843.8	0.75	0
18859.4	0.75	0
18875.0	0.75	0
18890.6	0.75	0
18906.2	0.75	0
18921.9	0.75	0
18937.5	0.75	0
18953.1	0.75	0
18968.8	0.75	0
18984.4	0.75	0
19000.0	0.75	0
19015.6	0.75	0
19031.2	0.75	0
19046.9	0.75	0
19062.5	0.75	0
19078.1	0.75	0
19093.8	0.75	0
19109.4	0.75	0
19125.0	0.75	0
19140.6	0.75	0
19156.2	0.75	0
19171.9	0.75	0
19187.5	0.75	0
19203.1	0.75	0
19218.8	0.75	0
19234.4	0.75	0
19250.0	0.75	0
19265.6	0.75	0
19281.2	0.75	0
19296.9	0.75	0
19312.5	0.75	0
19328.1	0.75	0
19343.8	0.75	0
19359.4	0.75	0
19375.0	0.75	0
19390.6	0.75	0
19406.2	0.75	0
19421.9	0.75	0
19437.5	0.75	0
19453.1	0.75	0
19468.8	0.75	0
19484.4	0.75	0
19500.0	0.75	0
19515.6	0.75	0
19531.2	0.75	0
19546.9	0.75	0
19562.5	0.75	0
19578.1	0.75	0
19593.8	0.75	0
19609.4	0.75	0
19625.0	0.75	0
19640.6	0.75	0
19656.2	0.75	0
19671.9	0.75	0
19687.5	0.75	0
19703.1	0.75	0
19718.8	0.75	0
19734.4	0.75	0
19750.0	0.75	0
19765.6	0.75	0
19781.2	0.75	0
19796.9	0.75	0
19812.5	0.75	0
19828.1	0.75	0
19843.8	0.75	0
19859.4	0.75	0
19875.0	0.75	0
19890.6	0.75	0
19906.2	0.75	0
19921.9	0.75	0
19937.5	0.75	0
19953.1	0.75	0
19968.8	0.75	0
19984.4	0.75	0
20000.0	0.75	0
20015.6	0.75	0
20031.2	0.75	0
20046.9	0.75	0
20062.5	0.75	0
20078.1	0.75	0
20093.8	0.75	0
20109.4	0.75	0
20125.0	0.75	0
20140.6	0.75	0
20156.2	0.75	0
20171.9	0.75	0
20187.5	0.75	0
20203.1	0.75	0
20218.8	0.75	0
20234.4	0.75	0
20250.0	0.75	0
20265.6	0.75	0
20281.2	0.75	0
20296.9	0.75	0
20312.5	0.75	0
20328.1	0.75	0
20343.8	0.75	0
20359.4	0.75	0
20375.0	0.75	0
20390.6	0.75	0
20406.2	0.75	0
20421.9	0.75	0
20437.5	0.75	0
20453.1	0.75	0
20468.8	0.75	0
20484.4	0.75	0
20500.0	0.75	0
20515.6	0.75	0
20531.2	0.75	0
20546.9	0.75	0
20562.5	0.75	0
20578.1	0.75	0
20593.8	0.75	0
20609.4	0.75	0
20625.0	0.75	0
20640.6	0.75	0
20656.2	0.75	0
20671.9	0.75	0
20687.5	0.75	0
20703.1	0.75	0
20718.8	0.75	0
20734.4	0.75	0
20750.0	0.75	0
20765.6	0.75	0
20781.2	0.75	0
20796.9	0.75	0
20812.5	0.75	0
20828.1	0.75	0
20843.8	0.75	0
20859.4	0.75	0
20875.0	0.75	0
20890.6	0.75	0
20906.2	0.75	0
20921.9	0.75	0
20937.5	0.75	0
20953.1	0.75	0
20968.8	0.75	0
20984.4	0.75	0
21000.0	0.75	0
21015.6	0.75	0
21031.2	0.75	0
21046.9	0.75	0
21062.5	0.75	0
21078.1	0.75	0
21093.8	0.75	0
21109.4	0.75	0
21125.0	0.75	0
21140.6	0.75	0
21156.2	0.75	0
21171.9	0.75	0
21187.5	0.75	0
21203.1	0.75	0
21218.8	0.75	0
21234.4	0.75	0
21250.0	0.75	0
21265.6	0.75	0
21281.2	0.75	0
21296.9	0.75	0
21312.5	0.75	0
21328.1	0.75	0
21343.8	0.75	0
21359.4	0.75	0
21375.0	0.75	0
21390.6	0.75	0
21406.2	0.75	0
21421.9	0.75	0
21437.5	0.75	0
21453.1	0.75	0
21468.8	0.75	0
21484.4	0.75	0
21500.0	0.75	0
21515.6	0.75	0
21531.2	0.75	0
21546.9	0.75	0
21562.5	0.75	0
21578.1	0.75	0
21593.8	0.75	0
21609.4	0.75	0
21625.0	0.75	0
21640.6	0.75	0
21656.2	0.75	0
21671.9	0.75	0
21687.5	0.75	0
21703.1	0.75	0
21718.8	0.75	0
21734.4	0.75	0
21750.0	0.75	0
21765.6	0.75	0
21781.2	0.75	0
21796.9	0.75	0
21812.5	0.75	0
21828.1	0.75	0
21843.8	0.75	0
21859.4	0.75	0
21875.0	0.75	0
21890.6	0.75	0
21906.2	0.75	0
21921.9	0.75	0
21937.5	0.75	0
21953.1	0.75	0
21968.8	0.75	0
21984.4	0.75	0
22000.0	0.75	0
22015.6	0.75	0
22031.2	0.75	0
22046.9	0.75	0
22062.5	0.75	0
22078.1	0.75	0
22093.8	0.75	0
22109.4	0.75	0
22125.0	0.75	0
22140.6	0.75	0
22156.2	0.75	0
22171.9	0.75	0
22187.5	0.75	0
22203.1	0.75	0
22218.8	0.75	0
22234.4	0.75	0
22250.0	0.75	0
22265.6	0.75	0
22281.2	0.75	0
22296.9	0.75	0
22312.5	0.75	0
22328.1	0.75	0
22343.8	0.75	0
22359.4	0.75	0
22375.0	0.75	0
22390.6	0.75	0
22406.2	0.75	0
22421.9	0.75	0
22437.5	0.75	0
22453.1	0.75	0
22468.8	0.75	0
22484.4	0.75	0
22500.0	0.75	0
22515.6	0.75	0
22531.2	0.75	0
22546.9	0.75	0
22562.5	0.75	0
22578.1	0.75	0
22593.8	0.75	0
22609.4	0.75	0
22625.0	0.75	0
22640.6	0.75	0
22656.2	0.75	0
22671.9	0.75	0
22687.5	0.75	0
22703.1	0.75	0
22718.8	0.75	0
22734.4	0.75	0
22750.0	0.75	0
22765.6	0.75	0
22781.2	0.75	0
22796.9	0.75	0
22812.5	0.75	0
22828.1	0.75	0
22843.8	0.75	0
22859.4	0.75	0
22875.0	0.75	0
22890.6	0.75	0
22906.2	0.75	0
22921.9	0.75	0
22937.5	0.75	0
22953.1	0.75	0
22968.8	0.75	0
22984.4	0.75	0
23000.0	0.75	0
23015.6	0.75	0
23031.2	0.75	0
23046.9	0.75	0
23062.5	0.75	0
23078.1	0.75	0
23093.8	0.75	0
23109.4	0.75	0
23125.0	0.75	0
23140.6	0.75	0
23156.2	0.75	0
23171.9	0.75	0
23187.5	0.75	0
23203.1	0.75	0
23218.8	0.75	0
23234.4	0.75	0
23250.0	0.75	0
23265.6	0.75	0
23281.2	0.75	0
23296.9	0.75	0
23312.5	0.75	0
23328.1	0.75	0
23343.8	0.75	0
23359.4	0.75	0
23375.0	0.75	0
23390.6	0.75	0
23406.2	0.75	0
23421.9	0.75	0
23437.5	0.75	0
