d4_f100 - Dämpfung: 4, Motorfreq.: 100
Zeit (ms)	Ausschlag Rad (Grad)	Null Exzenter
172359,4	5,25	0
172375,0	5,25	0
172390,6	4,50	0
172406,2	4,50	0
172421,9	4,50	0
172437,5	4,50	0
172453,1	3,75	0
172468,8	3,75	0
172484,4	3,75	0
172500,0	3,75	0
172515,6	3,75	0
172531,2	3,00	0
172546,9	3,00	0
172562,5	3,00	0
172578,1	3,00	0
172593,8	2,25	0
172609,4	2,25	0
172625,0	2,25	0
172640,6	2,25	0
172656,2	1,50	0
172671,9	1,50	0
172687,5	1,50	0
172703,1	1,50	0
172718,8	0,75	0
172734,4	0,75	0
172750,0	0,00	0
172765,6	0,00	0
172796,9	-0,75	0
172812,5	-0,75	0
172828,1	-0,75	0
172843,8	-0,75	0
172859,4	-1,50	0
172875,0	-1,50	0
172890,6	-1,50	0
172906,2	-1,50	0
172921,9	-2,25	0
172937,5	-2,25	0
172953,1	-2,25	0
172968,8	-2,25	0
172984,4	-2,25	0
173000,0	-3,00	0
173015,6	-3,00	0
173031,2	-3,00	0
173046,9	-3,00	0
173062,5	-3,75	0
173078,1	-3,75	0
173093,8	-3,75	0
173109,4	-3,75	0
173125,0	-3,75	0
173140,6	-4,50	0
173156,2	-4,50	0
173171,9	-4,50	0
173187,5	-4,50	0
173203,1	-4,50	0
173218,8	-5,25	0
173234,4	-5,25	0
173250,0	-5,25	0
173265,6	-5,25	0
173281,2	-5,25	0
173296,9	-6,00	0
173312,5	-6,00	0
173328,1	-6,00	0
173343,8	-6,00	0
173359,4	-6,00	0
173375,0	-6,75	0
173390,6	-6,75	0
173406,2	-6,75	0
173421,9	-6,75	0
173437,5	-6,75	0
173453,1	-6,75	0
173468,8	-6,75	0
173484,4	-7,50	0
173500,0	-7,50	0
173515,6	-7,50	0
173531,2	-7,50	0
173546,9	-7,50	0
173562,5	-7,50	0
173578,1	-8,25	0
173593,8	-8,25	0
173609,4	-8,25	0
173625,0	-8,25	0
173640,6	-8,25	0
173656,2	-8,25	0
173671,9	-8,25	0
173687,5	-8,25	0
173703,1	-9,00	0
173718,8	-9,00	0
173734,4	-9,00	0
173750,0	-9,00	0
173765,6	-9,00	0
173781,2	-9,00	0
173796,9	-9,00	0
173812,5	-9,00	0
173828,1	-9,00	0
173843,8	-9,00	0
173859,4	-9,75	0
173875,0	-9,75	0
173890,6	-9,75	0
173906,2	-9,75	0
173921,9	-9,75	0
173937,5	-9,75	0
173953,1	-9,75	0
173968,8	-9,75	0
173984,4	-9,75	0
174000,0	-9,75	0
174015,6	-9,75	0
174031,2	-9,75	0
174046,9	-9,75	0
174062,5	-9,75	0
174078,1	-9,75	0
174093,8	-9,75	0
174109,4	-10,50	0
174125,0	-10,50	0
174140,6	-10,50	0
174156,2	-10,50	0
174171,9	-10,50	0
174187,5	-10,50	0
174203,1	-10,50	0
174218,8	-10,50	0
174234,4	-10,50	0
174250,0	-10,50	0
174265,6	-10,50	0
174281,2	-10,50	0
174296,9	-10,50	0
174312,5	-10,50	0
174328,1	-10,50	0
174343,8	-10,50	0
174359,4	-10,50	0
174375,0	-10,50	0
174390,6	-10,50	0
174406,2	-10,50	0
174421,9	-10,50	0
174437,5	-10,50	0
174453,1	-10,50	0
174468,8	-10,50	0
174484,4	-10,50	0
174500,0	-10,50	0
174515,6	-10,50	0
174531,2	-10,50	0
174546,9	-10,50	0
174562,5	-10,50	0
174578,1	-10,50	0
174593,8	-10,50	0
174609,4	-10,50	0
174625,0	-10,50	0
174640,6	-10,50	0
174656,2	-10,50	0
174671,9	-10,50	0
174687,5	-10,50	0
174703,1	-10,50	0
174718,8	-10,50	0
174734,4	-10,50	0
174750,0	-10,50	0
174765,6	-10,50	0
174781,2	-10,50	0
174796,9	-10,50	0
174812,5	-9,75	0
174828,1	-9,75	0
174843,8	-9,75	0
174859,4	-9,75	0
174875,0	-9,75	0
174890,6	-9,75	0
174906,2	-9,75	0
174921,9	-9,75	0
174937,5	-9,75	0
174953,1	-9,75	0
174968,8	-9,75	0
174984,4	-9,75	0
175000,0	-9,75	0
175015,6	-9,75	0
175031,2	-9,75	0
175046,9	-9,75	0
175062,5	-9,75	0
175078,1	-9,00	0
175093,8	-9,00	0
175109,4	-9,00	0
175125,0	-9,00	0
175140,6	-9,00	0
175156,2	-9,00	0
175171,9	-9,00	0
175187,5	-9,00	0
175203,1	-9,00	0
175218,8	-9,00	0
175234,4	-9,00	0
175250,0	-9,00	0
175265,6	-9,00	0
175281,2	-8,25	0
175296,9	-8,25	0
175312,5	-8,25	0
175328,1	-8,25	0
175343,8	-8,25	0
175359,4	-8,25	0
175375,0	-8,25	0
175390,6	-8,25	0
175406,2	-8,25	0
175421,9	-8,25	0
175437,5	-8,25	0
175453,1	-7,50	0
175468,8	-7,50	0
175484,4	-7,50	0
175500,0	-7,50	0
175515,6	-7,50	0
175531,2	-7,50	0
175546,9	-7,50	0
175562,5	-7,50	0
175578,1	-7,50	0
175593,8	-6,75	0
175609,4	-6,75	0
175625,0	-6,75	0
175640,6	-6,75	0
175656,2	-6,75	0
175671,9	-6,75	0
175687,5	-6,75	0
175703,1	-6,75	0
175718,8	-6,75	0
175734,4	-6,00	0
175750,0	-6,00	0
175765,6	-6,00	0
175781,2	-6,00	0
175796,9	-6,00	0
175812,5	-6,00	0
175828,1	-6,00	0
175843,8	-5,25	0
175859,4	-5,25	0
175875,0	-5,25	0
175890,6	-5,25	0
175906,2	-5,25	0
175921,9	-5,25	0
175937,5	-5,25	0
175953,1	-4,50	0
175968,8	-4,50	0
175984,4	-4,50	0
176000,0	-4,50	0
176015,6	-4,50	0
176031,2	-4,50	0
176046,9	-3,75	0
176062,5	-3,75	0
176078,1	-3,75	0
176093,8	-3,75	0
176109,4	-3,75	0
176125,0	-3,75	0
176140,6	-3,00	0
176156,2	-3,00	0
176171,9	-3,00	0
176187,5	-3,00	0
176203,1	-3,00	0
176218,8	-3,00	0
176234,4	-2,25	0
176250,0	-2,25	0
176265,6	-2,25	0
176281,2	-2,25	0
176296,9	-2,25	0
176312,5	-1,50	0
176328,1	-1,50	0
176343,8	-1,50	0
176359,4	-1,50	0
176375,0	-0,75	0
176390,6	-0,75	0
176406,2	-0,75	0
176421,9	-0,75	0
176437,5	0,00	1
176453,1	0,75	0
176468,8	0,75	0
176484,4	0,75	0
176500,0	0,75	0
176515,6	1,50	0
176531,2	1,50	0
176546,9	1,50	0
176562,5	1,50	0
176578,1	1,50	0
176593,8	2,25	0
176609,4	2,25	0
176625,0	2,25	0
176640,6	2,25	0
176656,2	3,00	0
176671,9	3,00	0
176687,5	3,00	0
176703,1	3,00	0
176718,8	3,75	0
176734,4	3,75	0
176750,0	3,75	0
176765,6	3,75	0
176781,2	3,75	0
176796,9	4,50	0
176812,5	4,50	0
176828,1	4,50	0
176843,8	4,50	0
176859,4	5,25	0
176875,0	5,25	0
176890,6	5,25	0
176906,2	5,25	0
176921,9	6,00	0
176937,5	6,00	0
176953,1	6,00	0
176968,8	6,00	0
176984,4	6,75	0
177000,0	6,75	0
177015,6	6,75	0
177031,2	6,75	0
177046,9	7,50	0
177062,5	7,50	0
177078,1	7,50	0
177093,8	7,50	0
177109,4	8,25	0
177125,0	8,25	0
177140,6	8,25	0
177156,2	8,25	0
177171,9	9,00	0
177187,5	9,00	0
177203,1	9,00	0
177218,8	9,00	0
177234,4	9,00	0
177250,0	9,75	0
177265,6	9,75	0
177281,2	9,75	0
177296,9	9,75	0
177312,5	10,50	0
177328,1	10,50	0
177343,8	10,50	0
177359,4	10,50	0
177375,0	10,50	0
177390,6	11,25	0
177406,2	11,25	0
177421,9	11,25	0
177437,5	11,25	0
177453,1	11,25	0
177468,8	12,00	0
177484,4	12,00	0
177500,0	12,00	0
177515,6	12,00	0
177531,2	12,00	0
177546,9	12,75	0
177562,5	12,75	0
177578,1	12,75	0
177593,8	12,75	0
177609,4	12,75	0
177625,0	13,50	0
177640,6	13,50	0
177656,2	13,50	0
177671,9	13,50	0
177687,5	13,50	0
177703,1	13,50	0
177718,8	14,25	0
177734,4	14,25	0
177750,0	14,25	0
177765,6	14,25	0
177781,2	14,25	0
177796,9	14,25	0
177812,5	14,25	0
177828,1	15,00	0
177843,8	15,00	0
177859,4	15,00	0
177875,0	15,00	0
177890,6	15,00	0
177906,2	15,00	0
177921,9	15,00	0
177937,5	15,00	0
177953,1	15,00	0
177968,8	15,75	0
177984,4	15,75	0
178000,0	15,75	0
178015,6	15,75	0
178031,2	15,75	0
178046,9	15,75	0
178062,5	15,75	0
178078,1	15,75	0
178093,8	15,75	0
178109,4	15,75	0
178125,0	15,75	0
178140,6	16,50	0
178156,2	16,50	0
178171,9	16,50	0
178187,5	16,50	0
178203,1	16,50	0
178218,8	16,50	0
178234,4	16,50	0
178250,0	16,50	0
178265,6	16,50	0
178281,2	16,50	0
178296,9	16,50	0
178312,5	16,50	0
178328,1	16,50	0
178343,8	16,50	0
178359,4	16,50	0
178375,0	16,50	0
178390,6	16,50	0
178406,2	16,50	0
178421,9	16,50	0
178437,5	16,50	0
178453,1	16,50	0
178468,8	16,50	0
178484,4	16,50	0
178500,0	16,50	0
178515,6	16,50	0
178531,2	16,50	0
178546,9	15,75	0
178562,5	15,75	0
178578,1	15,75	0
178593,8	15,75	0
178609,4	15,75	0
178625,0	15,75	0
178640,6	15,75	0
178656,2	15,75	0
178671,9	15,75	0
178687,5	15,75	0
178703,1	15,75	0
178718,8	15,75	0
178734,4	15,75	0
178750,0	15,75	0
178765,6	15,75	0
178781,2	15,75	0
178796,9	15,75	0
178812,5	15,75	0
178828,1	15,75	0
178843,8	15,00	0
178859,4	15,00	0
178875,0	15,00	0
178890,6	15,00	0
178906,2	15,00	0
178921,9	15,00	0
178937,5	15,00	0
178953,1	15,00	0
178968,8	15,00	0
178984,4	15,00	0
179000,0	15,00	0
179015,6	14,25	0
179031,2	14,25	0
179046,9	14,25	0
179062,5	14,25	0
179078,1	14,25	0
179093,8	14,25	0
179109,4	14,25	0
179125,0	14,25	0
179140,6	13,50	0
179156,2	13,50	0
179171,9	13,50	0
179187,5	13,50	0
179203,1	13,50	0
179218,8	13,50	0
179234,4	13,50	0
179250,0	13,50	0
179265,6	12,75	0
179281,2	12,75	0
179296,9	12,75	0
179312,5	12,75	0
179328,1	12,75	0
179343,8	12,75	0
179359,4	12,00	0
179375,0	12,00	0
179390,6	12,00	0
179406,2	12,00	0
179421,9	12,00	0
179437,5	12,00	0
179453,1	12,00	0
179468,8	11,25	0
179484,4	11,25	0
179500,0	11,25	0
179515,6	11,25	0
179531,2	11,25	0
179546,9	10,50	0
179562,5	10,50	0
179578,1	10,50	0
179593,8	10,50	0
179609,4	10,50	0
179625,0	10,50	0
179640,6	9,75	0
179656,2	9,75	0
179671,9	9,75	0
179687,5	9,75	0
179703,1	9,75	0
179718,8	9,00	0
179734,4	9,00	0
179750,0	9,00	0
179765,6	9,00	0
179781,2	9,00	0
179796,9	8,25	0
179812,5	8,25	0
179828,1	8,25	0
179843,8	8,25	0
179859,4	8,25	0
179875,0	7,50	0
179890,6	7,50	0
179906,2	7,50	0
179921,9	7,50	0
179937,5	7,50	0
179953,1	6,75	0
179968,8	6,75	0
179984,4	6,75	0
180000,0	6,75	0
180015,6	6,75	0
180031,2	6,00	0
180046,9	6,00	0
180062,5	6,00	0
180078,1	6,00	0
180093,8	6,00	0
180109,4	5,25	0
180125,0	5,25	0
180140,6	5,25	0
180156,2	5,25	0
180171,9	4,50	0
180187,5	4,50	0
180203,1	4,50	0
180218,8	4,50	0
180234,4	4,50	0
180250,0	3,75	0
180265,6	3,75	0
180281,2	3,75	0
180296,9	3,75	0
180312,5	3,75	0
180328,1	3,00	0
180343,8	3,00	0
180359,4	3,00	0
180375,0	3,00	0
180390,6	3,00	0
180406,2	2,25	0
180421,9	2,25	0
180437,5	2,25	0
180453,1	2,25	0
180468,8	2,25	0
180484,4	1,50	0
180500,0	1,50	0
180515,6	1,50	0
180531,2	1,50	0
180546,9	0,75	0
180562,5	0,75	0
180578,1	0,75	0
180593,8	0,75	0
180609,4	0,75	0
180625,0	0,00	0
180640,6	0,00	0
180656,2	0,00	0
180671,9	0,00	0
180687,5	0,00	0
180718,8	-0,75	0
180734,4	-0,75	0
180750,0	-0,75	0
180765,6	-0,75	0
180781,2	-0,75	0
180796,9	-1,50	0
180812,5	-1,50	0
180828,1	-1,50	0
180843,8	-1,50	0
180859,4	-1,50	0
180875,0	-2,25	0
180890,6	-2,25	0
180906,2	-2,25	0
180921,9	-2,25	0
180937,5	-2,25	0
180953,1	-3,00	0
180968,8	-3,00	0
180984,4	-3,00	0
181000,0	-3,00	0
181015,6	-3,00	0
181031,2	-3,00	0
181046,9	-3,75	0
181062,5	-3,75	0
181078,1	-3,75	0
181093,8	-3,75	0
181109,4	-3,75	0
181125,0	-3,75	0
181140,6	-4,50	0
181156,2	-4,50	0
181171,9	-4,50	0
181187,5	-4,50	0
181203,1	-4,50	0
181218,8	-5,25	0
181234,4	-5,25	0
181250,0	-5,25	0
181265,6	-5,25	0
181281,2	-5,25	0
181296,9	-5,25	0
181312,5	-5,25	0
181328,1	-6,00	0
181343,8	-6,00	0
181359,4	-6,00	0
181375,0	-6,00	0
181390,6	-6,00	0
181406,2	-6,00	0
181421,9	-6,00	0
181437,5	-6,75	0
181453,1	-6,75	0
181468,8	-6,75	0
181484,4	-6,75	0
181500,0	-6,75	0
181515,6	-6,75	0
181531,2	-6,75	0
181546,9	-7,50	0
181562,5	-7,50	0
181578,1	-7,50	0
181593,8	-7,50	0
181609,4	-7,50	0
181625,0	-7,50	0
181640,6	-7,50	0
181656,2	-7,50	0
181671,9	-7,50	0
181687,5	-8,25	0
181703,1	-8,25	0
181718,8	-8,25	0
181734,4	-8,25	0
181750,0	-8,25	0
181765,6	-8,25	0
181781,2	-8,25	0
181796,9	-8,25	0
181812,5	-8,25	0
181828,1	-9,00	0
181843,8	-9,00	0
181859,4	-9,00	0
181875,0	-9,00	0
181890,6	-9,00	0
181906,2	-9,00	0
181921,9	-9,00	0
181937,5	-9,00	0
181953,1	-9,00	0
181968,8	-9,00	0
181984,4	-9,00	0
182000,0	-9,00	0
182015,6	-9,75	0
182031,2	-9,75	0
182046,9	-9,75	0
182062,5	-9,75	0
182078,1	-9,75	0
182093,8	-9,75	0
182109,4	-9,75	0
182125,0	-9,75	0
182140,6	-9,75	0
182156,2	-9,75	0
182171,9	-9,75	0
182187,5	-9,75	0
182203,1	-9,75	0
182218,8	-9,75	0
182234,4	-9,75	0
182250,0	-9,75	0
182265,6	-9,75	0
182281,2	-9,75	0
182296,9	-10,50	0
182312,5	-10,50	0
182328,1	-10,50	0
182343,8	-10,50	0
182359,4	-10,50	0
182375,0	-10,50	0
182390,6	-10,50	0
182406,2	-10,50	0
182421,9	-10,50	0
182437,5	-10,50	0
182453,1	-10,50	0
182468,8	-10,50	0
182484,4	-10,50	0
182500,0	-10,50	0
182515,6	-10,50	0
182531,2	-10,50	0
182546,9	-10,50	0
182562,5	-10,50	0
182578,1	-10,50	0
182593,8	-10,50	0
182609,4	-10,50	0
182625,0	-10,50	0
182640,6	-10,50	0
182656,2	-10,50	0
182671,9	-10,50	0
182687,5	-10,50	0
182703,1	-10,50	0
182718,8	-10,50	0
182734,4	-10,50	0
182750,0	-10,50	0
182765,6	-10,50	0
182781,2	-10,50	0
182796,9	-10,50	0
182812,5	-10,50	0
182828,1	-10,50	0
182843,8	-10,50	0
182859,4	-10,50	0
182875,0	-10,50	0
182890,6	-10,50	0
182906,2	-10,50	0
182921,9	-10,50	0
182937,5	-10,50	0
182953,1	-10,50	0
182968,8	-10,50	0
182984,4	-10,50	0
183000,0	-10,50	0
183015,6	-10,50	0
183031,2	-9,75	0
183046,9	-9,75	0
183062,5	-9,75	0
183078,1	-9,75	0
183093,8	-9,75	0
183109,4	-9,75	0
183125,0	-9,75	0
183140,6	-9,75	0
183156,2	-9,75	0
183171,9	-9,75	0
183187,5	-9,75	0
183203,1	-9,75	0
183218,8	-9,75	0
183234,4	-9,00	0
183250,0	-9,00	0
183265,6	-9,00	0
183281,2	-9,00	0
183296,9	-9,00	0
183312,5	-9,00	0
183328,1	-9,00	0
183343,8	-9,00	0
183359,4	-9,00	0
183375,0	-9,00	0
183390,6	-9,00	0
183406,2	-8,25	0
183421,9	-8,25	0
183437,5	-8,25	0
183453,1	-8,25	0
183468,8	-8,25	0
183484,4	-8,25	0
183500,0	-8,25	0
183515,6	-8,25	0
183531,2	-8,25	0
183546,9	-7,50	0
183562,5	-7,50	0
183578,1	-7,50	0
183593,8	-7,50	0
183609,4	-7,50	0
183625,0	-7,50	0
183640,6	-7,50	0
183656,2	-6,75	0
183671,9	-6,75	0
183687,5	-6,75	0
183703,1	-6,75	0
183718,8	-6,75	0
183734,4	-6,75	0
183750,0	-6,75	0
183765,6	-6,75	0
183781,2	-6,00	0
183796,9	-6,00	0
183812,5	-6,00	0
183828,1	-6,00	0
183843,8	-6,00	0
183859,4	-6,00	0
183875,0	-5,25	0
183890,6	-5,25	0
183906,2	-5,25	0
183921,9	-5,25	0
183937,5	-5,25	0
183953,1	-5,25	0
183968,8	-4,50	0
183984,4	-4,50	0
184000,0	-4,50	0
184015,6	-4,50	0
184031,2	-4,50	0
184046,9	-4,50	0
184062,5	-3,75	0
184078,1	-3,75	0
184093,8	-3,75	0
184109,4	-3,75	0
184125,0	-3,75	0
184140,6	-3,75	0
184156,2	-3,00	0
184171,9	-3,00	0
184187,5	-3,00	0
184203,1	-3,00	0
184218,8	-3,00	0
184234,4	-2,25	0
184250,0	-2,25	0
184265,6	-2,25	0
184281,2	-2,25	0
184296,9	-2,25	0
184312,5	-2,25	0
184328,1	-1,50	0
184343,8	-1,50	0
184359,4	-1,50	0
184375,0	-1,50	0
184390,6	-0,75	0
184406,2	-0,75	0
184421,9	-0,75	0
184437,5	-0,75	0
184453,1	0,00	0
184468,8	0,00	0
184484,4	0,75	0
184500,0	0,75	1
184515,6	0,75	0
184531,2	0,75	0
184546,9	1,50	0
184562,5	1,50	0
184578,1	1,50	0
184593,8	1,50	0
184609,4	1,50	0
184625,0	2,25	0
184640,6	2,25	0
184656,2	2,25	0
184671,9	2,25	0
184687,5	2,25	0
184703,1	3,00	0
184718,8	3,00	0
184734,4	3,00	0
184750,0	3,00	0
184765,6	3,75	0
184781,2	3,75	0
184796,9	3,75	0
184812,5	3,75	0
184828,1	3,75	0
184843,8	4,50	0
184859,4	4,50	0
184875,0	4,50	0
184890,6	4,50	0
184906,2	5,25	0
184921,9	5,25	0
184937,5	5,25	0
184953,1	5,25	0
184968,8	5,25	0
184984,4	6,00	0
185000,0	6,00	0
185015,6	6,00	0
185031,2	6,00	0
185046,9	6,00	0
185062,5	6,75	0
185078,1	6,75	0
185093,8	6,75	0
185109,4	6,75	0
185125,0	7,50	0
185140,6	7,50	0
185156,2	7,50	0
185171,9	7,50	0
185187,5	7,50	0
185203,1	8,25	0
185218,8	8,25	0
185234,4	8,25	0
185250,0	8,25	0
185265,6	9,00	0
185281,2	9,00	0
185296,9	9,00	0
185312,5	9,00	0
185328,1	9,00	0
185343,8	9,75	0
185359,4	9,75	0
185375,0	9,75	0
185390,6	9,75	0
185406,2	9,75	0
185421,9	10,50	0
185437,5	10,50	0
185453,1	10,50	0
185468,8	10,50	0
185484,4	10,50	0
185500,0	11,25	0
185515,6	11,25	0
185531,2	11,25	0
185546,9	11,25	0
185562,5	11,25	0
185578,1	12,00	0
185593,8	12,00	0
185609,4	12,00	0
185625,0	12,00	0
185640,6	12,00	0
185656,2	12,00	0
185671,9	12,75	0
185687,5	12,75	0
185703,1	12,75	0
185718,8	12,75	0
185734,4	12,75	0
185750,0	13,50	0
185765,6	13,50	0
185781,2	13,50	0
185796,9	13,50	0
185812,5	13,50	0
185828,1	13,50	0
185843,8	13,50	0
185859,4	14,25	0
185875,0	14,25	0
185890,6	14,25	0
185906,2	14,25	0
185921,9	14,25	0
185937,5	14,25	0
185953,1	14,25	0
185968,8	15,00	0
185984,4	15,00	0
186000,0	15,00	0
186015,6	15,00	0
186031,2	15,00	0
186046,9	15,00	0
186062,5	15,00	0
186078,1	15,00	0
186093,8	15,75	0
186109,4	15,75	0
186125,0	15,75	0
186140,6	15,75	0
186156,2	15,75	0
186171,9	15,75	0
186187,5	15,75	0
186203,1	15,75	0
186218,8	15,75	0
186234,4	15,75	0
186250,0	15,75	0
186265,6	16,50	0
186281,2	16,50	0
186296,9	16,50	0
186312,5	16,50	0
186328,1	16,50	0
186343,8	16,50	0
186359,4	16,50	0
186375,0	16,50	0
186390,6	16,50	0
186406,2	16,50	0
186421,9	16,50	0
186437,5	16,50	0
186453,1	16,50	0
186468,8	16,50	0
186484,4	16,50	0
186500,0	16,50	0
186515,6	16,50	0
186531,2	16,50	0
186546,9	16,50	0
186562,5	16,50	0
186578,1	16,50	0
186593,8	16,50	0
186609,4	16,50	0
186625,0	16,50	0
186640,6	16,50	0
186656,2	16,50	0
186671,9	16,50	0
186687,5	16,50	0
186703,1	16,50	0
186718,8	16,50	0
186734,4	16,50	0
186750,0	16,50	0
186765,6	16,50	0
186781,2	16,50	0
186796,9	16,50	0
186812,5	16,50	0
186828,1	16,50	0
186843,8	16,50	0
186859,4	16,50	0
186875,0	16,50	0
186890,6	16,50	0
186906,2	16,50	0
186921,9	16,50	0
186937,5	16,50	0
186953,1	16,50	0
186968,8	16,50	0
186984,4	16,50	0
187000,0	16,50	0
187015,6	15,75	0
187031,2	15,75	0
187046,9	15,75	0
187062,5	15,75	0
187078,1	15,75	0
187093,8	15,75	0
187109,4	15,75	0
187125,0	15,75	0
187140,6	15,75	0
187156,2	15,75	0
187171,9	15,00	0
187187,5	15,00	0
187203,1	15,00	0
187218,8	15,00	0
187234,4	15,00	0
187250,0	15,00	0
187265,6	15,00	0
187281,2	14,25	0
187296,9	14,25	0
187312,5	14,25	0
187328,1	14,25	0
187343,8	14,25	0
187359,4	14,25	0
187375,0	14,25	0
187390,6	13,50	0
187406,2	13,50	0
187421,9	13,50	0
187437,5	13,50	0
187453,1	13,50	0
187468,8	13,50	0
187484,4	12,75	0
187500,0	12,75	0
187515,6	12,75	0
187531,2	12,75	0
187546,9	12,75	0
187562,5	12,75	0
187578,1	12,00	0
187593,8	12,00	0
187609,4	12,00	0
187625,0	12,00	0
187640,6	12,00	0
187656,2	11,25	0
187671,9	11,25	0
187687,5	11,25	0
187703,1	11,25	0
187718,8	11,25	0
187734,4	10,50	0
187750,0	10,50	0
187765,6	10,50	0
187781,2	10,50	0
187796,9	10,50	0
187812,5	10,50	0
187828,1	9,75	0
187843,8	9,75	0
187859,4	9,75	0
187875,0	9,75	0
187890,6	9,75	0
187906,2	9,00	0
187921,9	9,00	0
187937,5	9,00	0
187953,1	9,00	0
187968,8	9,00	0
187984,4	8,25	0
188000,0	8,25	0
188015,6	8,25	0
188031,2	8,25	0
188046,9	7,50	0
188062,5	7,50	0
188078,1	7,50	0
188093,8	7,50	0
188109,4	7,50	0
188125,0	6,75	0
188140,6	6,75	0
188156,2	6,75	0
188171,9	6,75	0
188187,5	6,75	0
188203,1	6,00	0
188218,8	6,00	0
188234,4	6,00	0
188250,0	6,00	0
188265,6	6,00	0
188281,2	5,25	0
188296,9	5,25	0
188312,5	5,25	0
188328,1	5,25	0
188343,8	4,50	0
188359,4	4,50	0
188375,0	4,50	0
188390,6	4,50	0
188406,2	4,50	0
188421,9	3,75	0
188437,5	3,75	0
188453,1	3,75	0
188468,8	3,75	0
188484,4	3,75	0
188500,0	3,00	0
188515,6	3,00	0
188531,2	3,00	0
188546,9	3,00	0
188562,5	3,00	0
188578,1	2,25	0
188593,8	2,25	0
188609,4	2,25	0
188625,0	2,25	0
188640,6	2,25	0
188656,2	1,50	0
188671,9	1,50	0
188687,5	1,50	0
188703,1	1,50	0
188718,8	1,50	0
188734,4	0,75	0
188750,0	0,75	0
188765,6	0,75	0
188781,2	0,00	0
188796,9	0,00	0
188812,5	-0,75	0
188828,1	-0,75	0
188843,8	-0,75	0
188859,4	-0,75	0
188875,0	-0,75	0
188890,6	-1,50	0
188906,2	-1,50	0
188921,9	-1,50	0
188937,5	-1,50	0
188953,1	-1,50	0
188968,8	-1,50	0
188984,4	-2,25	0
189000,0	-2,25	0
189015,6	-2,25	0
189031,2	-2,25	0
189046,9	-2,25	0
189062,5	-2,25	0
189078,1	-3,00	0
189093,8	-3,00	0
189109,4	-3,00	0
189125,0	-3,00	0
189140,6	-3,00	0
189156,2	-3,00	0
189171,9	-3,75	0
189187,5	-3,75	0
189203,1	-3,75	0
189218,8	-3,75	0
189234,4	-3,75	0
189250,0	-3,75	0
189265,6	-4,50	0
189281,2	-4,50	0
189296,9	-4,50	0
189312,5	-4,50	0
189328,1	-4,50	0
189343,8	-4,50	0
189359,4	-5,25	0
189375,0	-5,25	0
189390,6	-5,25	0
189406,2	-5,25	0
189421,9	-5,25	0
189437,5	-5,25	0
189453,1	-5,25	0
189468,8	-6,00	0
189484,4	-6,00	0
189500,0	-6,00	0
189515,6	-6,00	0
189531,2	-6,00	0
189546,9	-6,00	0
189562,5	-6,00	0
189578,1	-6,00	0
189593,8	-6,75	0
189609,4	-6,75	0
189625,0	-6,75	0
189640,6	-6,75	0
189656,2	-6,75	0
189671,9	-6,75	0
189687,5	-6,75	0
189703,1	-6,75	0
189718,8	-7,50	0
189734,4	-7,50	0
189750,0	-7,50	0
189765,6	-7,50	0
189781,2	-7,50	0
189796,9	-7,50	0
189812,5	-7,50	0
189828,1	-7,50	0
189843,8	-8,25	0
189859,4	-8,25	0
189875,0	-8,25	0
189890,6	-8,25	0
189906,2	-8,25	0
189921,9	-8,25	0
189937,5	-8,25	0
189953,1	-8,25	0
189968,8	-8,25	0
189984,4	-8,25	0
190000,0	-9,00	0
190015,6	-9,00	0
190031,2	-9,00	0
190046,9	-9,00	0
190062,5	-9,00	0
190078,1	-9,00	0
190093,8	-9,00	0
190109,4	-9,00	0
190125,0	-9,00	0
190140,6	-9,00	0
190156,2	-9,00	0
190171,9	-9,75	0
190187,5	-9,75	0
190203,1	-9,75	0
190218,8	-9,75	0
190234,4	-9,75	0
190250,0	-9,75	0
190265,6	-9,75	0
190281,2	-9,75	0
190296,9	-9,75	0
190312,5	-9,75	0
190328,1	-9,75	0
190343,8	-9,75	0
190359,4	-9,75	0
190375,0	-9,75	0
190390,6	-9,75	0
190406,2	-10,50	0
190421,9	-10,50	0
190437,5	-10,50	0
190453,1	-10,50	0
190468,8	-10,50	0
190484,4	-10,50	0
190500,0	-10,50	0
190515,6	-10,50	0
190531,2	-10,50	0
190546,9	-10,50	0
190562,5	-10,50	0
190578,1	-10,50	0
190593,8	-10,50	0
190609,4	-10,50	0
190625,0	-10,50	0
190640,6	-10,50	0
190656,2	-10,50	0
190671,9	-10,50	0
190687,5	-10,50	0
190703,1	-10,50	0
190718,8	-10,50	0
190734,4	-10,50	0
190750,0	-10,50	0
190765,6	-10,50	0
190781,2	-10,50	0
190796,9	-10,50	0
190812,5	-10,50	0
190828,1	-10,50	0
190843,8	-10,50	0
190859,4	-10,50	0
190875,0	-10,50	0
190890,6	-9,75	0
190906,2	-9,75	0
190921,9	-9,75	0
190937,5	-9,75	0
190953,1	-9,75	0
190968,8	-9,75	0
190984,4	-9,75	0
191000,0	-9,75	0
191015,6	-9,75	0
191031,2	-9,75	0
191046,9	-9,75	0
191062,5	-9,75	0
191078,1	-9,75	0
191093,8	-9,75	0
191109,4	-9,75	0
191125,0	-9,75	0
191140,6	-9,75	0
191156,2	-9,75	0
191171,9	-9,75	0
191187,5	-9,75	0
191203,1	-9,00	0
191218,8	-9,00	0
191234,4	-9,00	0
191250,0	-9,00	0
191265,6	-9,00	0
191281,2	-9,00	0
191296,9	-9,00	0
191312,5	-9,00	0
191328,1	-9,00	0
191343,8	-9,00	0
191359,4	-9,00	0
191375,0	-8,25	0
191390,6	-8,25	0
191406,2	-8,25	0
191421,9	-8,25	0
191437,5	-8,25	0
191453,1	-8,25	0
191468,8	-8,25	0
191484,4	-8,25	0
191500,0	-8,25	0
191515,6	-7,50	0
191531,2	-7,50	0
191546,9	-7,50	0
191562,5	-7,50	0
191578,1	-7,50	0
191593,8	-7,50	0
191609,4	-7,50	0
191625,0	-6,75	0
191640,6	-6,75	0
191656,2	-6,75	0
191671,9	-6,75	0
191687,5	-6,75	0
191703,1	-6,75	0
191718,8	-6,00	0
191734,4	-6,00	0
191750,0	-6,00	0
191765,6	-6,00	0
191781,2	-6,00	0
191796,9	-6,00	0
191812,5	-5,25	0
191828,1	-5,25	0
191843,8	-5,25	0
191859,4	-5,25	0
191875,0	-5,25	0
191890,6	-5,25	0
191906,2	-4,50	0
191921,9	-4,50	0
191937,5	-4,50	0
191953,1	-4,50	0
191968,8	-4,50	0
191984,4	-3,75	0
192000,0	-3,75	0
192015,6	-3,75	0
192031,2	-3,75	0
192046,9	-3,75	0
192062,5	-3,00	0
192078,1	-3,00	0
192093,8	-3,00	0
192109,4	-3,00	0
192125,0	-2,25	0
192140,6	-2,25	0
192156,2	-2,25	0
192171,9	-2,25	0
192187,5	-2,25	0
192203,1	-1,50	0
192218,8	-1,50	0
192234,4	-1,50	0
192250,0	-1,50	0
192265,6	-0,75	0
192281,2	-0,75	0
192296,9	-0,75	0
192312,5	-0,75	0
192328,1	-0,75	0
192343,8	0,00	0
192359,4	0,00	0
192375,0	0,00	0
192390,6	0,00	0
192406,2	0,75	0
192421,9	0,75	0
192437,5	0,75	0
192453,1	0,75	0
192468,8	0,75	0
192484,4	1,50	0
192500,0	1,50	1
192515,6	1,50	0
192531,2	1,50	0
192546,9	2,25	0
192562,5	2,25	0
192578,1	2,25	0
192593,8	2,25	0
192609,4	2,25	0
192625,0	3,00	0
192640,6	3,00	0
192656,2	3,00	0
192671,9	3,00	0
192687,5	3,75	0
192703,1	3,75	0
192718,8	3,75	0
192734,4	3,75	0
192750,0	3,75	0
192765,6	4,50	0
192781,2	4,50	0
192796,9	4,50	0
192812,5	4,50	0
192828,1	4,50	0
192843,8	5,25	0
192859,4	5,25	0
192875,0	5,25	0
192890,6	5,25	0
192906,2	6,00	0
192921,9	6,00	0
192937,5	6,00	0
192953,1	6,00	0
192968,8	6,00	0
192984,4	6,75	0
193000,0	6,75	0
193015,6	6,75	0
193031,2	6,75	0
193046,9	6,75	0
193062,5	7,50	0
193078,1	7,50	0
193093,8	7,50	0
193109,4	7,50	0
193125,0	7,50	0
193140,6	8,25	0
193156,2	8,25	0
193171,9	8,25	0
193187,5	8,25	0
193203,1	8,25	0
193218,8	9,00	0
193234,4	9,00	0
193250,0	9,00	0
193265,6	9,00	0
193281,2	9,00	0
193296,9	9,00	0
193312,5	9,75	0
193328,1	9,75	0
193343,8	9,75	0
193359,4	9,75	0
193375,0	9,75	0
193390,6	9,75	0
193406,2	10,50	0
193421,9	10,50	0
193437,5	10,50	0
193453,1	10,50	0
193468,8	10,50	0
193484,4	10,50	0
193500,0	11,25	0
193515,6	11,25	0
193531,2	11,25	0
193546,9	11,25	0
193562,5	11,25	0
193578,1	11,25	0
193593,8	11,25	0
193609,4	12,00	0
193625,0	12,00	0
193640,6	12,00	0
193656,2	12,00	0
193671,9	12,00	0
193687,5	12,00	0
193703,1	12,00	0
193718,8	12,75	0
193734,4	12,75	0
193750,0	12,75	0
193765,6	12,75	0
193781,2	12,75	0
193796,9	12,75	0
193812,5	12,75	0
193828,1	12,75	0
193843,8	13,50	0
193859,4	13,50	0
193875,0	13,50	0
193890,6	13,50	0
193906,2	13,50	0
193921,9	13,50	0
193937,5	13,50	0
193953,1	13,50	0
193968,8	13,50	0
193984,4	14,25	0
194000,0	14,25	0
194015,6	14,25	0
194031,2	14,25	0
194046,9	14,25	0
194062,5	14,25	0
194078,1	14,25	0
194093,8	14,25	0
194109,4	14,25	0
194125,0	14,25	0
194140,6	15,00	0
194156,2	15,00	0
194171,9	15,00	0
194187,5	15,00	0
194203,1	15,00	0
194218,8	15,00	0
194234,4	15,00	0
194250,0	15,00	0
194265,6	15,00	0
194281,2	15,00	0
194296,9	15,00	0
194312,5	15,00	0
194328,1	15,00	0
194343,8	15,00	0
194359,4	15,75	0
194375,0	15,75	0
194390,6	15,75	0
194406,2	15,75	0
194421,9	15,75	0
194437,5	15,75	0
194453,1	15,75	0
194468,8	15,75	0
194484,4	15,75	0
194500,0	15,75	0
194515,6	15,75	0
194531,2	15,75	0
194546,9	15,75	0
194562,5	15,75	0
194578,1	15,75	0
194593,8	15,75	0
194609,4	15,75	0
194625,0	15,75	0
194640,6	15,75	0
194656,2	15,75	0
194671,9	15,75	0
194687,5	15,75	0
194703,1	15,75	0
194718,8	15,75	0
194734,4	15,75	0
194750,0	15,75	0
194765,6	15,75	0
194781,2	15,75	0
194796,9	15,75	0
194812,5	15,75	0
194828,1	15,75	0
194843,8	15,75	0
194859,4	15,75	0
194875,0	15,75	0
194890,6	15,75	0
194906,2	15,75	0
194921,9	15,75	0
194937,5	15,75	0
194953,1	15,75	0
194968,8	15,75	0
194984,4	15,75	0
195000,0	15,75	0
195015,6	15,75	0
195031,2	15,75	0
195046,9	15,75	0
195062,5	15,75	0
195078,1	15,75	0
195093,8	15,75	0
195109,4	15,75	0
195125,0	15,75	0
195140,6	15,75	0
195156,2	15,75	0
195171,9	15,75	0
195187,5	15,75	0
195203,1	15,00	0
195218,8	15,00	0
195234,4	15,00	0
195250,0	15,00	0
195265,6	15,00	0
195281,2	15,00	0
195296,9	15,00	0
195312,5	15,00	0
195328,1	15,00	0
195343,8	15,00	0
195359,4	14,25	0
195375,0	14,25	0
195390,6	14,25	0
195406,2	14,25	0
195421,9	14,25	0
195437,5	14,25	0
195453,1	14,25	0
195468,8	14,25	0
195484,4	13,50	0
195500,0	13,50	0
195515,6	13,50	0
195531,2	13,50	0
195546,9	13,50	0
195562,5	13,50	0
195578,1	12,75	0
195593,8	12,75	0
195609,4	12,75	0
195625,0	12,75	0
195640,6	12,75	0
195656,2	12,75	0
195671,9	12,00	0
195687,5	12,00	0
195703,1	12,00	0
195718,8	12,00	0
195734,4	12,00	0
195750,0	12,00	0
195765,6	11,25	0
195781,2	11,25	0
195796,9	11,25	0
195812,5	11,25	0
195828,1	11,25	0
195843,8	10,50	0
195859,4	10,50	0
195875,0	10,50	0
195890,6	10,50	0
195906,2	9,75	0
195921,9	9,75	0
195937,5	9,75	0
195953,1	9,75	0
195968,8	9,75	0
195984,4	9,00	0
196000,0	9,00	0
196015,6	9,00	0
196031,2	9,00	0
196046,9	9,00	0
196062,5	8,25	0
196078,1	8,25	0
196093,8	8,25	0
196109,4	8,25	0
196125,0	7,50	0
196140,6	7,50	0
196156,2	7,50	0
196171,9	7,50	0
196187,5	6,75	0
196203,1	6,75	0
196218,8	6,75	0
196234,4	6,75	0
196250,0	6,00	0
196265,6	6,00	0
196281,2	6,00	0
196296,9	6,00	0
196312,5	5,25	0
196328,1	5,25	0
196343,8	5,25	0
196359,4	5,25	0
196375,0	5,25	0
196390,6	4,50	0
196406,2	4,50	0
196421,9	4,50	0
196437,5	4,50	0
196453,1	3,75	0
196468,8	3,75	0
196484,4	3,75	0
196500,0	3,75	0
196515,6	3,00	0
196531,2	3,00	0
196546,9	3,00	0
196562,5	3,00	0
196578,1	2,25	0
196593,8	2,25	0
196609,4	2,25	0
196625,0	2,25	0
196640,6	1,50	0
196656,2	1,50	0
196671,9	1,50	0
196687,5	1,50	0
196703,1	0,75	0
196718,8	0,75	0
196734,4	0,00	0
196750,0	0,00	0
196765,6	-0,75	0
196781,2	-0,75	0
196796,9	-0,75	0
196812,5	-0,75	0
196828,1	-0,75	0
196843,8	-1,50	0
196859,4	-1,50	0
196875,0	-1,50	0
196890,6	-1,50	0
196906,2	-2,25	0
196921,9	-2,25	0
196937,5	-2,25	0
196953,1	-2,25	0
196968,8	-2,25	0
196984,4	-3,00	0
197000,0	-3,00	0
197015,6	-3,00	0
197031,2	-3,00	0
197046,9	-3,75	0
197062,5	-3,75	0
197078,1	-3,75	0
197093,8	-3,75	0
197109,4	-3,75	0
197125,0	-4,50	0
197140,6	-4,50	0
197156,2	-4,50	0
197171,9	-4,50	0
197187,5	-4,50	0
197203,1	-4,50	0
197218,8	-5,25	0
197234,4	-5,25	0
197250,0	-5,25	0
197265,6	-5,25	0
197281,2	-5,25	0
197296,9	-6,00	0
197312,5	-6,00	0
197328,1	-6,00	0
197343,8	-6,00	0
197359,4	-6,00	0
197375,0	-6,00	0
197390,6	-6,00	0
197406,2	-6,75	0
197421,9	-6,75	0
197437,5	-6,75	0
197453,1	-6,75	0
197468,8	-6,75	0
197484,4	-6,75	0
197500,0	-7,50	0
197515,6	-7,50	0
197531,2	-7,50	0
197546,9	-7,50	0
197562,5	-7,50	0
197578,1	-7,50	0
197593,8	-7,50	0
197609,4	-7,50	0
197625,0	-8,25	0
197640,6	-8,25	0
197656,2	-8,25	0
197671,9	-8,25	0
197687,5	-8,25	0
197703,1	-8,25	0
197718,8	-8,25	0
197734,4	-8,25	0
197750,0	-8,25	0
197765,6	-8,25	0
197781,2	-9,00	0
197796,9	-9,00	0
197812,5	-9,00	0
197828,1	-9,00	0
197843,8	-9,00	0
197859,4	-9,00	0
197875,0	-9,00	0
197890,6	-9,00	0
197906,2	-9,00	0
197921,9	-9,00	0
197937,5	-9,00	0
197953,1	-9,00	0
197968,8	-9,75	0
197984,4	-9,75	0
198000,0	-9,75	0
198015,6	-9,75	0
198031,2	-9,75	0
198046,9	-9,75	0
198062,5	-9,75	0
198078,1	-9,75	0
198093,8	-9,75	0
198109,4	-9,75	0
198125,0	-9,75	0
198140,6	-9,75	0
198156,2	-9,75	0
198171,9	-9,75	0
198187,5	-9,75	0
198203,1	-9,75	0
198218,8	-9,75	0
198234,4	-9,75	0
198250,0	-9,75	0
198265,6	-9,75	0
198281,2	-9,75	0
198296,9	-9,75	0
198312,5	-9,75	0
198328,1	-9,75	0
198343,8	-9,75	0
198359,4	-10,50	0
198375,0	-10,50	0
198390,6	-10,50	0
198406,2	-10,50	0
198421,9	-10,50	0
198437,5	-10,50	0
198453,1	-10,50	0
198468,8	-10,50	0
198484,4	-10,50	0
198500,0	-10,50	0
198515,6	-10,50	0
198531,2	-10,50	0
198546,9	-10,50	0
198562,5	-10,50	0
198578,1	-10,50	0
198593,8	-10,50	0
198609,4	-10,50	0
198625,0	-10,50	0
198640,6	-10,50	0
198656,2	-10,50	0
198671,9	-10,50	0
198687,5	-10,50	0
198703,1	-10,50	0
198718,8	-10,50	0
198734,4	-10,50	0
198750,0	-10,50	0
198765,6	-10,50	0
198781,2	-10,50	0
198796,9	-10,50	0
198812,5	-10,50	0
198828,1	-10,50	0
198843,8	-10,50	0
198859,4	-10,50	0
198875,0	-10,50	0
198890,6	-10,50	0
198906,2	-10,50	0
198921,9	-10,50	0
198937,5	-10,50	0
198953,1	-10,50	0
198968,8	-10,50	0
198984,4	-10,50	0
199000,0	-10,50	0
199015,6	-10,50	0
199031,2	-10,50	0
199046,9	-10,50	0
199062,5	-10,50	0
199078,1	-10,50	0
199093,8	-10,50	0
199109,4	-10,50	0
199125,0	-10,50	0
199140,6	-10,50	0
199156,2	-9,75	0
199171,9	-9,75	0
199187,5	-9,75	0
199203,1	-9,75	0
199218,8	-9,75	0
199234,4	-9,75	0
199250,0	-9,75	0
199265,6	-9,75	0
199281,2	-9,75	0
199296,9	-9,75	0
199312,5	-9,75	0
199328,1	-9,75	0
199343,8	-9,00	0
199359,4	-9,00	0
199375,0	-9,00	0
199390,6	-9,00	0
199406,2	-9,00	0
199421,9	-9,00	0
199437,5	-9,00	0
199453,1	-9,00	0
199468,8	-9,00	0
199484,4	-9,00	0
199500,0	-8,25	0
199515,6	-8,25	0
199531,2	-8,25	0
199546,9	-8,25	0
199562,5	-8,25	0
199578,1	-8,25	0
199593,8	-8,25	0
199609,4	-8,25	0
199625,0	-7,50	0
199640,6	-7,50	0
199656,2	-7,50	0
199671,9	-7,50	0
199687,5	-7,50	0
199703,1	-7,50	0
199718,8	-7,50	0
199734,4	-7,50	0
199750,0	-6,75	0
199765,6	-6,75	0
199781,2	-6,75	0
199796,9	-6,75	0
199812,5	-6,75	0
199828,1	-6,75	0
199843,8	-6,00	0
199859,4	-6,00	0
199875,0	-6,00	0
199890,6	-6,00	0
199906,2	-6,00	0
199921,9	-6,00	0
199937,5	-6,00	0
199953,1	-5,25	0
199968,8	-5,25	0
199984,4	-5,25	0
200000,0	-5,25	0
200015,6	-5,25	0
200031,2	-4,50	0
200046,9	-4,50	0
200062,5	-4,50	0
200078,1	-4,50	0
200093,8	-4,50	0
200109,4	-4,50	0
200125,0	-3,75	0
200140,6	-3,75	0
200156,2	-3,75	0
200171,9	-3,75	0
200187,5	-3,75	0
200203,1	-3,00	0
200218,8	-3,00	0
200234,4	-3,00	0
200250,0	-3,00	0
200265,6	-3,00	0
200281,2	-2,25	0
200296,9	-2,25	0
200312,5	-2,25	0
200328,1	-2,25	0
200343,8	-2,25	0
200359,4	-2,25	0
200375,0	-1,50	0
200390,6	-1,50	0
200406,2	-1,50	0
200421,9	0,00	0
200437,5	0,00	0
200453,1	0,75	0
200468,8	0,75	1
200484,4	0,75	0
200500,0	0,75	0
200515,6	1,50	0
200531,2	1,50	0
200546,9	1,50	0
200562,5	1,50	0
200578,1	1,50	0
200593,8	2,25	0
200609,4	2,25	0
200625,0	2,25	0
200640,6	2,25	0
200656,2	2,25	0
200671,9	3,00	0
200687,5	3,00	0
200703,1	3,00	0
200718,8	3,00	0
200734,4	3,75	0
200750,0	3,75	0
200765,6	3,75	0
200781,2	3,75	0
200796,9	3,75	0
200812,5	4,50	0
200828,1	4,50	0
200843,8	4,50	0
200859,4	4,50	0
200875,0	5,25	0
200890,6	5,25	0
200906,2	5,25	0
200921,9	5,25	0
200937,5	5,25	0
200953,1	6,00	0
200968,8	6,00	0
200984,4	6,00	0
201000,0	6,00	0
201015,6	6,75	0
201031,2	6,75	0
201046,9	6,75	0
201062,5	6,75	0
201078,1	7,50	0
201093,8	7,50	0
201109,4	7,50	0
201125,0	7,50	0
201140,6	7,50	0
201156,2	8,25	0
201171,9	8,25	0
201187,5	8,25	0
201203,1	8,25	0
201218,8	8,25	0
201234,4	9,00	0
201250,0	9,00	0
201265,6	9,00	0
201281,2	9,00	0
201296,9	9,75	0
201312,5	9,75	0
201328,1	9,75	0
201343,8	9,75	0
201359,4	9,75	0
201375,0	10,50	0
201390,6	10,50	0
201406,2	10,50	0
201421,9	10,50	0
201437,5	10,50	0
201453,1	11,25	0
201468,8	11,25	0
201484,4	11,25	0
201500,0	11,25	0
201515,6	11,25	0
201531,2	12,00	0
201546,9	12,00	0
201562,5	12,00	0
201578,1	12,00	0
201593,8	12,00	0
201609,4	12,00	0
201625,0	12,75	0
201640,6	12,75	0
201656,2	12,75	0
201671,9	12,75	0
201687,5	12,75	0
201703,1	12,75	0
201718,8	13,50	0
201734,4	13,50	0
201750,0	13,50	0
201765,6	13,50	0
201781,2	13,50	0
201796,9	13,50	0
201812,5	14,25	0
201828,1	14,25	0
201843,8	14,25	0
201859,4	14,25	0
201875,0	14,25	0
201890,6	14,25	0
201906,2	14,25	0
201921,9	14,25	0
201937,5	15,00	0
201953,1	15,00	0
201968,8	15,00	0
201984,4	15,00	0
202000,0	15,00	0
202015,6	15,00	0
202031,2	15,00	0
202046,9	15,00	0
202062,5	15,00	0
202078,1	15,75	0
202093,8	15,75	0
202109,4	15,75	0
202125,0	15,75	0
202140,6	15,75	0
202156,2	15,75	0
202171,9	15,75	0
202187,5	15,75	0
202203,1	15,75	0
202218,8	15,75	0
202234,4	15,75	0
202250,0	15,75	0
202265,6	15,75	0
202281,2	15,75	0
202296,9	16,50	0
202312,5	16,50	0
202328,1	16,50	0
202343,8	16,50	0
202359,4	16,50	0
202375,0	16,50	0
202390,6	16,50	0
202406,2	16,50	0
202421,9	16,50	0
202437,5	16,50	0
202453,1	16,50	0
202468,8	16,50	0
202484,4	16,50	0
202500,0	16,50	0
202515,6	16,50	0
202531,2	16,50	0
202546,9	16,50	0
202562,5	16,50	0
202578,1	16,50	0
202593,8	16,50	0
202609,4	16,50	0
202625,0	16,50	0
202640,6	16,50	0
202656,2	16,50	0
202671,9	16,50	0
202687,5	16,50	0
202703,1	16,50	0
202718,8	16,50	0
202734,4	16,50	0
202750,0	16,50	0
202765,6	16,50	0
202781,2	16,50	0
202796,9	16,50	0
202812,5	16,50	0
202828,1	16,50	0
202843,8	16,50	0
202859,4	16,50	0
202875,0	16,50	0
202890,6	16,50	0
202906,2	16,50	0
202921,9	16,50	0
202937,5	16,50	0
202953,1	16,50	0
202968,8	16,50	0
202984,4	16,50	0
203000,0	16,50	0
203015,6	16,50	0
203031,2	16,50	0
203046,9	16,50	0
203062,5	16,50	0
203078,1	16,50	0
203093,8	15,75	0
203109,4	15,75	0
203125,0	15,75	0
203140,6	15,75	0
203156,2	15,75	0
203171,9	15,75	0
203187,5	15,75	0
203203,1	15,75	0
203218,8	15,75	0
203234,4	15,00	0
203250,0	15,00	0
203265,6	15,00	0
203281,2	15,00	0
203296,9	15,00	0
203312,5	15,00	0
203328,1	15,00	0
203343,8	15,00	0
203359,4	14,25	0
203375,0	14,25	0
203390,6	14,25	0
203406,2	14,25	0
203421,9	14,25	0
203437,5	14,25	0
203453,1	14,25	0
203468,8	13,50	0
203484,4	13,50	0
203500,0	13,50	0
203515,6	13,50	0
203531,2	13,50	0
203546,9	13,50	0
203562,5	12,75	0
203578,1	12,75	0
203593,8	12,75	0
203609,4	12,75	0
203625,0	12,75	0
203640,6	12,75	0
203656,2	12,75	0
203671,9	12,00	0
203687,5	12,00	0
203703,1	12,00	0
203718,8	12,00	0
203734,4	12,00	0
203750,0	11,25	0
203765,6	11,25	0
203781,2	11,25	0
203796,9	11,25	0
203812,5	11,25	0
203828,1	11,25	0
203843,8	10,50	0
203859,4	10,50	0
203875,0	10,50	0
203890,6	10,50	0
203906,2	10,50	0
203921,9	10,50	0
203937,5	9,75	0
203953,1	9,75	0
203968,8	9,75	0
203984,4	9,75	0
204000,0	9,75	0
204015,6	9,00	0
204031,2	9,00	0
204046,9	9,00	0
204062,5	9,00	0
204078,1	9,00	0
204093,8	8,25	0
204109,4	8,25	0
204125,0	8,25	0
204140,6	8,25	0
204156,2	8,25	0
204171,9	7,50	0
204187,5	7,50	0
204203,1	7,50	0
204218,8	7,50	0
204234,4	7,50	0
204250,0	6,75	0
204265,6	6,75	0
204281,2	6,75	0
204296,9	6,75	0
204312,5	6,75	0
204328,1	6,00	0
204343,8	6,00	0
204359,4	6,00	0
204375,0	6,00	0
204390,6	6,00	0
204406,2	5,25	0
204421,9	5,25	0
204437,5	5,25	0
204453,1	5,25	0
204468,8	5,25	0
204484,4	4,50	0
204500,0	4,50	0
204515,6	4,50	0
204531,2	4,50	0
204546,9	4,50	0
204562,5	3,75	0
204578,1	3,75	0
204593,8	3,75	0
204609,4	3,75	0
204625,0	3,75	0
204640,6	3,00	0
204656,2	3,00	0
204671,9	3,00	0
204687,5	3,00	0
204703,1	2,25	0
204718,8	2,25	0
204734,4	2,25	0
204750,0	2,25	0
204765,6	2,25	0
204781,2	1,50	0
204796,9	1,50	0
204812,5	1,50	0
204828,1	0,00	0
204843,8	0,00	0
204859,4	-0,75	0
204875,0	-0,75	0
204890,6	-0,75	0
204906,2	-0,75	0
204921,9	-0,75	0
204937,5	-1,50	0
204953,1	-1,50	0
204968,8	-1,50	0
204984,4	-1,50	0
205000,0	-1,50	0
205015,6	-2,25	0
205031,2	-2,25	0
205046,9	-2,25	0
205062,5	-2,25	0
205078,1	-2,25	0
205093,8	-3,00	0
205109,4	-3,00	0
205125,0	-3,00	0
205140,6	-3,00	0
205156,2	-3,00	0
205171,9	-3,75	0
205187,5	-3,75	0
205203,1	-3,75	0
205218,8	-3,75	0
205234,4	-3,75	0
205250,0	-4,50	0
205265,6	-4,50	0
205281,2	-4,50	0
205296,9	-4,50	0
205312,5	-4,50	0
205328,1	-4,50	0
205343,8	-5,25	0
205359,4	-5,25	0
205375,0	-5,25	0
205390,6	-5,25	0
205406,2	-5,25	0
205421,9	-6,00	0
205437,5	-6,00	0
205453,1	-6,00	0
205468,8	-6,00	0
205484,4	-6,00	0
205500,0	-6,00	0
205515,6	-6,75	0
205531,2	-6,75	0
205546,9	-6,75	0
205562,5	-6,75	0
205578,1	-6,75	0
205593,8	-6,75	0
205609,4	-6,75	0
205625,0	-7,50	0
205640,6	-7,50	0
205656,2	-7,50	0
205671,9	-7,50	0
205687,5	-7,50	0
205703,1	-7,50	0
205718,8	-8,25	0
205734,4	-8,25	0
205750,0	-8,25	0
205765,6	-8,25	0
205781,2	-8,25	0
205796,9	-8,25	0
205812,5	-8,25	0
205828,1	-8,25	0
205843,8	-9,00	0
205859,4	-9,00	0
205875,0	-9,00	0
205890,6	-9,00	0
205906,2	-9,00	0
205921,9	-9,00	0
205937,5	-9,00	0
205953,1	-9,00	0
205968,8	-9,00	0
205984,4	-9,75	0
206000,0	-9,75	0
206015,6	-9,75	0
206031,2	-9,75	0
206046,9	-9,75	0
206062,5	-9,75	0
206078,1	-9,75	0
206093,8	-9,75	0
206109,4	-9,75	0
206125,0	-9,75	0
206140,6	-9,75	0
206156,2	-9,75	0
206171,9	-10,50	0
206187,5	-10,50	0
206203,1	-10,50	0
206218,8	-10,50	0
206234,4	-10,50	0
206250,0	-10,50	0
206265,6	-10,50	0
206281,2	-10,50	0
206296,9	-10,50	0
206312,5	-10,50	0
206328,1	-10,50	0
206343,8	-10,50	0
206359,4	-10,50	0
206375,0	-10,50	0
206390,6	-10,50	0
206406,2	-10,50	0
206421,9	-10,50	0
206437,5	-10,50	0
206453,1	-10,50	0
206468,8	-10,50	0
206484,4	-10,50	0
206500,0	-10,50	0
206515,6	-10,50	0
206531,2	-10,50	0
206546,9	-10,50	0
206562,5	-10,50	0
206578,1	-10,50	0
206593,8	-10,50	0
206609,4	-10,50	0
206625,0	-10,50	0
206640,6	-10,50	0
206656,2	-10,50	0
206671,9	-10,50	0
206687,5	-10,50	0
206703,1	-10,50	0
206718,8	-10,50	0
206734,4	-10,50	0
206750,0	-10,50	0
206765,6	-10,50	0
206781,2	-10,50	0
206796,9	-10,50	0
206812,5	-10,50	0
206828,1	-10,50	0
206843,8	-10,50	0
206859,4	-10,50	0
206875,0	-10,50	0
206890,6	-10,50	0
206906,2	-10,50	0
206921,9	-10,50	0
206937,5	-10,50	0
206953,1	-10,50	0
206968,8	-10,50	0
206984,4	-10,50	0
207000,0	-10,50	0
207015,6	-10,50	0
207031,2	-10,50	0
207046,9	-10,50	0
207062,5	-10,50	0
207078,1	-10,50	0
207093,8	-9,75	0
207109,4	-9,75	0
207125,0	-9,75	0
207140,6	-9,75	0
207156,2	-9,75	0
207171,9	-9,75	0
207187,5	-9,75	0
207203,1	-9,75	0
207218,8	-9,75	0
207234,4	-9,75	0
207250,0	-9,00	0
207265,6	-9,00	0
207281,2	-9,00	0
207296,9	-9,00	0
207312,5	-9,00	0
207328,1	-9,00	0
207343,8	-9,00	0
207359,4	-9,00	0
207375,0	-9,00	0
207390,6	-8,25	0
207406,2	-8,25	0
207421,9	-8,25	0
207437,5	-8,25	0
207453,1	-8,25	0
207468,8	-8,25	0
207484,4	-8,25	0
207500,0	-7,50	0
207515,6	-7,50	0
207531,2	-7,50	0
207546,9	-7,50	0
207562,5	-7,50	0
207578,1	-7,50	0
207593,8	-7,50	0
207609,4	-6,75	0
207625,0	-6,75	0
207640,6	-6,75	0
207656,2	-6,75	0
207671,9	-6,75	0
207687,5	-6,75	0
207703,1	-6,75	0
207718,8	-6,00	0
207734,4	-6,00	0
207750,0	-6,00	0
207765,6	-6,00	0
207781,2	-6,00	0
207796,9	-6,00	0
207812,5	-5,25	0
207828,1	-5,25	0
207843,8	-5,25	0
207859,4	-5,25	0
207875,0	-5,25	0
207890,6	-5,25	0
207906,2	-4,50	0
207921,9	-4,50	0
207937,5	-4,50	0
207953,1	-4,50	0
207968,8	-4,50	0
207984,4	-3,75	0
208000,0	-3,75	0
208015,6	-3,75	0
208031,2	-3,75	0
208046,9	-3,75	0
208062,5	-3,75	0
208078,1	-3,00	0
208093,8	-3,00	0
208109,4	-3,00	0
208125,0	-3,00	0
208140,6	-3,00	0
208156,2	-2,25	0
208171,9	-2,25	0
208187,5	-2,25	0
208203,1	-2,25	0
208218,8	-2,25	0
208234,4	-1,50	0
208250,0	-1,50	0
208265,6	-1,50	0
208281,2	-1,50	0
208296,9	-1,50	0
208312,5	-0,75	0
208328,1	-0,75	0
208343,8	-0,75	0
208359,4	-0,75	0
208375,0	0,00	0
208390,6	0,75	0
208406,2	0,75	0
208421,9	0,75	0
208437,5	0,75	0
208453,1	0,75	0
208468,8	1,50	1
208484,4	1,50	0
208500,0	1,50	0
208515,6	1,50	0
208531,2	1,50	0
208546,9	2,25	0
208562,5	2,25	0
208578,1	2,25	0
208593,8	2,25	0
208609,4	2,25	0
208625,0	3,00	0
208640,6	3,00	0
208656,2	3,00	0
208671,9	3,00	0
208687,5	3,00	0
208703,1	3,75	0
208718,8	3,75	0
208734,4	3,75	0
208750,0	3,75	0
208765,6	3,75	0
208781,2	3,75	0
208796,9	4,50	0
208812,5	4,50	0
208828,1	4,50	0
208843,8	4,50	0
208859,4	5,25	0
208875,0	5,25	0
208890,6	5,25	0
208906,2	5,25	0
208921,9	5,25	0
208937,5	5,25	0
208953,1	6,00	0
208968,8	6,00	0
208984,4	6,00	0
209000,0	6,00	0
209015,6	6,00	0
209031,2	6,75	0
209046,9	6,75	0
209062,5	6,75	0
209078,1	6,75	0
209093,8	6,75	0
209109,4	7,50	0
209125,0	7,50	0
209140,6	7,50	0
209156,2	7,50	0
209171,9	7,50	0
209187,5	8,25	0
209203,1	8,25	0
209218,8	8,25	0
209234,4	8,25	0
209250,0	8,25	0
209265,6	9,00	0
209281,2	9,00	0
209296,9	9,00	0
209312,5	9,00	0
209328,1	9,00	0
209343,8	9,00	0
209359,4	9,75	0
209375,0	9,75	0
209390,6	9,75	0
209406,2	9,75	0
209421,9	9,75	0
209437,5	10,50	0
209453,1	10,50	0
209468,8	10,50	0
209484,4	10,50	0
209500,0	10,50	0
209515,6	10,50	0
209531,2	11,25	0
209546,9	11,25	0
209562,5	11,25	0
209578,1	11,25	0
209593,8	11,25	0
209609,4	12,00	0
209625,0	12,00	0
209640,6	12,00	0
209656,2	12,00	0
209671,9	12,00	0
209687,5	12,00	0
209703,1	12,00	0
209718,8	12,75	0
209734,4	12,75	0
209750,0	12,75	0
209765,6	12,75	0
209781,2	12,75	0
209796,9	12,75	0
209812,5	13,50	0
209828,1	13,50	0
209843,8	13,50	0
209859,4	13,50	0
209875,0	13,50	0
209890,6	13,50	0
209906,2	13,50	0
209921,9	14,25	0
209937,5	14,25	0
209953,1	14,25	0
209968,8	14,25	0
209984,4	14,25	0
210000,0	14,25	0
210015,6	14,25	0
210031,2	14,25	0
210046,9	15,00	0
210062,5	15,00	0
210078,1	15,00	0
210093,8	15,00	0
210109,4	15,00	0
210125,0	15,00	0
210140,6	15,00	0
210156,2	15,00	0
210171,9	15,00	0
210187,5	15,75	0
210203,1	15,75	0
210218,8	15,75	0
210234,4	15,75	0
210250,0	15,75	0
210265,6	15,75	0
210281,2	15,75	0
210296,9	15,75	0
210312,5	15,75	0
210328,1	15,75	0
210343,8	15,75	0
210359,4	15,75	0
210375,0	15,75	0
210390,6	16,50	0
210406,2	16,50	0
210421,9	16,50	0
210437,5	16,50	0
210453,1	16,50	0
210468,8	16,50	0
210484,4	16,50	0
210500,0	16,50	0
210515,6	16,50	0
210531,2	16,50	0
210546,9	16,50	0
210562,5	16,50	0
210578,1	16,50	0
210593,8	16,50	0
210609,4	16,50	0
210625,0	16,50	0
210640,6	16,50	0
210656,2	16,50	0
210671,9	16,50	0
210687,5	16,50	0
210703,1	16,50	0
210718,8	16,50	0
210734,4	16,50	0
210750,0	16,50	0
210765,6	16,50	0
210781,2	16,50	0
210796,9	16,50	0
210812,5	16,50	0
210828,1	16,50	0
210843,8	16,50	0
210859,4	16,50	0
210875,0	16,50	0
210890,6	16,50	0
210906,2	16,50	0
210921,9	16,50	0
210937,5	16,50	0
210953,1	16,50	0
210968,8	16,50	0
210984,4	16,50	0
211000,0	16,50	0
211015,6	16,50	0
211031,2	16,50	0
211046,9	15,75	0
211062,5	15,75	0
211078,1	15,75	0
211093,8	15,75	0
211109,4	15,75	0
211125,0	15,75	0
211140,6	15,75	0
211156,2	15,75	0
211171,9	15,75	0
211187,5	15,75	0
211203,1	15,75	0
211218,8	15,00	0
211234,4	15,00	0
211250,0	15,00	0
211265,6	15,00	0
211281,2	15,00	0
211296,9	15,00	0
211312,5	15,00	0
211328,1	14,25	0
211343,8	14,25	0
211359,4	14,25	0
211375,0	14,25	0
211390,6	14,25	0
211406,2	14,25	0
211421,9	14,25	0
211437,5	13,50	0
211453,1	13,50	0
211468,8	13,50	0
211484,4	13,50	0
211500,0	13,50	0
211515,6	13,50	0
211531,2	12,75	0
211546,9	12,75	0
211562,5	12,75	0
211578,1	12,75	0
211593,8	12,75	0
211609,4	12,75	0
211625,0	12,00	0
211640,6	12,00	0
211656,2	12,00	0
211671,9	12,00	0
211687,5	12,00	0
211703,1	11,25	0
211718,8	11,25	0
211734,4	11,25	0
211750,0	11,25	0
211765,6	11,25	0
211781,2	10,50	0
211796,9	10,50	0
211812,5	10,50	0
211828,1	10,50	0
211843,8	10,50	0
211859,4	9,75	0
211875,0	9,75	0
211890,6	9,75	0
211906,2	9,75	0
211921,9	9,00	0
211937,5	9,00	0
211953,1	9,00	0
211968,8	9,00	0
211984,4	9,00	0
212000,0	8,25	0
212015,6	8,25	0
212031,2	8,25	0
212046,9	8,25	0
212062,5	8,25	0
212078,1	7,50	0
212093,8	7,50	0
212109,4	7,50	0
212125,0	7,50	0
212140,6	6,75	0
212156,2	6,75	0
212171,9	6,75	0
212187,5	6,75	0
212203,1	6,75	0
212218,8	6,00	0
212234,4	6,00	0
212250,0	6,00	0
212265,6	6,00	0
212281,2	5,25	0
212296,9	5,25	0
212312,5	5,25	0
212328,1	5,25	0
212343,8	5,25	0
212359,4	4,50	0
212375,0	4,50	0
212390,6	4,50	0
212406,2	4,50	0
212421,9	3,75	0
212437,5	3,75	0
212453,1	3,75	0
212468,8	3,75	0
212484,4	3,75	0
212500,0	3,00	0
212515,6	3,00	0
212531,2	3,00	0
212546,9	3,00	0
212562,5	2,25	0
212578,1	2,25	0
212593,8	2,25	0
212609,4	2,25	0
212625,0	2,25	0
212640,6	1,50	0
212656,2	1,50	0
212671,9	1,50	0
212687,5	1,50	0
212703,1	1,50	0
212718,8	0,75	0
212734,4	0,75	0
212750,0	0,75	0
212765,6	0,00	0
212781,2	0,00	0
212796,9	-0,75	0
212812,5	-0,75	0
212828,1	-0,75	0
212843,8	-0,75	0
212859,4	-0,75	0
212875,0	-1,50	0
212890,6	-1,50	0
212906,2	-1,50	0
212921,9	-1,50	0
212937,5	-1,50	0
212953,1	-1,50	0
212968,8	-2,25	0
212984,4	-2,25	0
213000,0	-2,25	0
213015,6	-2,25	0
213031,2	-2,25	0
213046,9	-3,00	0
213062,5	-3,00	0
213078,1	-3,00	0
213093,8	-3,00	0
213109,4	-3,00	0
213125,0	-3,00	0
213140,6	-3,75	0
213156,2	-3,75	0
213171,9	-3,75	0
213187,5	-3,75	0
213203,1	-3,75	0
213218,8	-3,75	0
213234,4	-4,50	0
213250,0	-4,50	0
213265,6	-4,50	0
213281,2	-4,50	0
213296,9	-4,50	0
213312,5	-4,50	0
213328,1	-4,50	0
213343,8	-5,25	0
213359,4	-5,25	0
213375,0	-5,25	0
213390,6	-5,25	0
213406,2	-5,25	0
213421,9	-5,25	0
213437,5	-5,25	0
213453,1	-6,00	0
213468,8	-6,00	0
213484,4	-6,00	0
213500,0	-6,00	0
213515,6	-6,00	0
213531,2	-6,00	0
213546,9	-6,00	0
213562,5	-6,00	0
213578,1	-6,75	0
213593,8	-6,75	0
213609,4	-6,75	0
213625,0	-6,75	0
213640,6	-6,75	0
213656,2	-6,75	0
213671,9	-6,75	0
213687,5	-6,75	0
213703,1	-6,75	0
213718,8	-7,50	0
213734,4	-7,50	0
213750,0	-7,50	0
213765,6	-7,50	0
213781,2	-7,50	0
213796,9	-7,50	0
213812,5	-7,50	0
213828,1	-7,50	0
213843,8	-7,50	0
213859,4	-7,50	0
213875,0	-8,25	0
213890,6	-8,25	0
213906,2	-8,25	0
213921,9	-8,25	0
213937,5	-8,25	0
213953,1	-8,25	0
213968,8	-8,25	0
213984,4	-8,25	0
214000,0	-8,25	0
214015,6	-8,25	0
214031,2	-8,25	0
214046,9	-9,00	0
214062,5	-9,00	0
214078,1	-9,00	0
214093,8	-9,00	0
214109,4	-9,00	0
214125,0	-9,00	0
214140,6	-9,00	0
214156,2	-9,00	0
214171,9	-9,00	0
214187,5	-9,00	0
214203,1	-9,00	0
214218,8	-9,00	0
214234,4	-9,00	0
214250,0	-9,00	0
214265,6	-9,75	0
214281,2	-9,75	0
214296,9	-9,75	0
214312,5	-9,75	0
214328,1	-9,75	0
214343,8	-9,75	0
214359,4	-9,75	0
214375,0	-9,75	0
214390,6	-9,75	0
214406,2	-9,75	0
214421,9	-9,75	0
214437,5	-9,75	0
214453,1	-9,75	0
214468,8	-9,75	0
214484,4	-9,75	0
214500,0	-9,75	0
214515,6	-9,75	0
214531,2	-9,75	0
214546,9	-9,75	0
214562,5	-9,75	0
214578,1	-9,75	0
214593,8	-10,50	0
214609,4	-10,50	0
214625,0	-10,50	0
214640,6	-10,50	0
214656,2	-10,50	0
214671,9	-10,50	0
214687,5	-10,50	0
214703,1	-10,50	0
214718,8	-10,50	0
214734,4	-10,50	0
214750,0	-10,50	0
214765,6	-10,50	0
214781,2	-10,50	0
214796,9	-10,50	0
214812,5	-10,50	0
214828,1	-10,50	0
214843,8	-10,50	0
214859,4	-10,50	0
214875,0	-10,50	0
214890,6	-10,50	0
214906,2	-10,50	0
214921,9	-10,50	0
214937,5	-10,50	0
214953,1	-10,50	0
214968,8	-10,50	0
214984,4	-10,50	0
215000,0	-10,50	0
215015,6	-10,50	0
215031,2	-10,50	0
215046,9	-10,50	0
215062,5	-10,50	0
215078,1	-10,50	0
215093,8	-10,50	0
215109,4	-10,50	0
215125,0	-10,50	0
215140,6	-10,50	0
215156,2	-10,50	0
215171,9	-10,50	0
215187,5	-10,50	0
215203,1	-10,50	0
215218,8	-10,50	0
215234,4	-10,50	0
215250,0	-10,50	0
215265,6	-10,50	0
215281,2	-10,50	0
215296,9	-10,50	0
215312,5	-10,50	0
215328,1	-10,50	0
215343,8	-10,50	0
215359,4	-10,50	0
215375,0	-10,50	0
215390,6	-10,50	0
215406,2	-10,50	0
215421,9	-10,50	0
215437,5	-9,75	0
215453,1	-9,75	0
215468,8	-9,75	0
215484,4	-9,75	0
215500,0	-9,75	0
215515,6	-9,75	0
215531,2	-9,75	0
215546,9	-9,75	0
215562,5	-9,75	0
215578,1	-9,00	0
215593,8	-9,00	0
215609,4	-9,00	0
215625,0	-9,00	0
215640,6	-9,00	0
215656,2	-9,00	0
215671,9	-9,00	0
215687,5	-9,00	0
215703,1	-8,25	0
215718,8	-8,25	0
215734,4	-8,25	0
215750,0	-8,25	0
215765,6	-8,25	0
215781,2	-8,25	0
215796,9	-8,25	0
215812,5	-7,50	0
215828,1	-7,50	0
215843,8	-7,50	0
215859,4	-7,50	0
215875,0	-7,50	0
215890,6	-7,50	0
215906,2	-6,75	0
215921,9	-6,75	0
215937,5	-6,75	0
215953,1	-6,75	0
215968,8	-6,75	0
215984,4	-6,75	0
216000,0	-6,00	0
216015,6	-6,00	0
216031,2	-6,00	0
216046,9	-6,00	0
216062,5	-6,00	0
216078,1	-5,25	0
216093,8	-5,25	0
216109,4	-5,25	0
216125,0	-5,25	0
216140,6	-5,25	0
216156,2	-4,50	0
216171,9	-4,50	0
216187,5	-4,50	0
216203,1	-4,50	0
216218,8	-4,50	0
216234,4	-3,75	0
216250,0	-3,75	0
216265,6	-3,75	0
216281,2	-3,75	0
216296,9	-3,75	0
216312,5	-3,00	0
216328,1	-3,00	0
216343,8	-3,00	0
216359,4	-3,00	0
216375,0	-3,00	0
216390,6	-2,25	0
216406,2	-2,25	0
216421,9	-2,25	0
216437,5	-2,25	0
216453,1	-1,50	0
216468,8	-1,50	0
216484,4	-1,50	0
216500,0	0,00	0
216515,6	0,00	0
216531,2	0,75	0
216546,9	0,75	0
216562,5	0,75	1
216578,1	0,75	0
216593,8	1,50	0
216609,4	1,50	0
216625,0	1,50	0
216640,6	1,50	0
216656,2	2,25	0
216671,9	2,25	0
216687,5	2,25	0
216703,1	2,25	0
216718,8	2,25	0
216734,4	3,00	0
216750,0	3,00	0
216765,6	3,00	0
216781,2	3,00	0
216796,9	3,75	0
216812,5	3,75	0
216828,1	3,75	0
216843,8	3,75	0
216859,4	4,50	0
216875,0	4,50	0
216890,6	4,50	0
216906,2	4,50	0
216921,9	4,50	0
216937,5	5,25	0
216953,1	5,25	0
216968,8	5,25	0
216984,4	5,25	0
217000,0	6,00	0
217015,6	6,00	0
217031,2	6,00	0
217046,9	6,00	0
217062,5	6,75	0
217078,1	6,75	0
217093,8	6,75	0
217109,4	6,75	0
217125,0	6,75	0
217140,6	7,50	0
217156,2	7,50	0
217171,9	7,50	0
217187,5	7,50	0
217203,1	8,25	0
217218,8	8,25	0
217234,4	8,25	0
217250,0	8,25	0
217265,6	8,25	0
217281,2	9,00	0
217296,9	9,00	0
217312,5	9,00	0
217328,1	9,00	0
217343,8	9,00	0
217359,4	9,75	0
217375,0	9,75	0
217390,6	9,75	0
217406,2	9,75	0
217421,9	9,75	0
217437,5	10,50	0
217453,1	10,50	0
217468,8	10,50	0
217484,4	10,50	0
217500,0	10,50	0
217515,6	11,25	0
217531,2	11,25	0
217546,9	11,25	0
217562,5	11,25	0
217578,1	11,25	0
217593,8	12,00	0
217609,4	12,00	0
217625,0	12,00	0
217640,6	12,00	0
217656,2	12,00	0
217671,9	12,00	0
217687,5	12,75	0
217703,1	12,75	0
217718,8	12,75	0
217734,4	12,75	0
217750,0	12,75	0
217765,6	12,75	0
217781,2	12,75	0
217796,9	13,50	0
217812,5	13,50	0
217828,1	13,50	0
217843,8	13,50	0
217859,4	13,50	0
217875,0	13,50	0
217890,6	13,50	0
217906,2	14,25	0
217921,9	14,25	0
217937,5	14,25	0
217953,1	14,25	0
217968,8	14,25	0
217984,4	14,25	0
218000,0	14,25	0
218015,6	14,25	0
218031,2	15,00	0
218046,9	15,00	0
218062,5	15,00	0
218078,1	15,00	0
218093,8	15,00	0
218109,4	15,00	0
218125,0	15,00	0
218140,6	15,00	0
218156,2	15,00	0
218171,9	15,00	0
218187,5	15,75	0
218203,1	15,75	0
218218,8	15,75	0
218234,4	15,75	0
218250,0	15,75	0
218265,6	15,75	0
218281,2	15,75	0
218296,9	15,75	0
218312,5	15,75	0
218328,1	15,75	0
218343,8	15,75	0
218359,4	15,75	0
218375,0	15,75	0
218390,6	15,75	0
218406,2	15,75	0
218421,9	15,75	0
218437,5	15,75	0
218453,1	15,75	0
218468,8	16,50	0
218484,4	16,50	0
218500,0	16,50	0
218515,6	16,50	0
218531,2	16,50	0
218546,9	16,50	0
218562,5	16,50	0
218578,1	16,50	0
218593,8	16,50	0
218609,4	16,50	0
218625,0	16,50	0
218640,6	16,50	0
218656,2	16,50	0
218671,9	16,50	0
218687,5	16,50	0
218703,1	16,50	0
218718,8	16,50	0
218734,4	16,50	0
218750,0	16,50	0
218765,6	16,50	0
218781,2	16,50	0
218796,9	16,50	0
218812,5	16,50	0
218828,1	16,50	0
218843,8	16,50	0
218859,4	16,50	0
218875,0	16,50	0
218890,6	16,50	0
218906,2	16,50	0
218921,9	16,50	0
218937,5	16,50	0
218953,1	16,50	0
218968,8	15,75	0
218984,4	15,75	0
219000,0	15,75	0
219015,6	15,75	0
219031,2	15,75	0
219046,9	15,75	0
219062,5	15,75	0
219078,1	15,75	0
219093,8	15,75	0
219109,4	15,75	0
219125,0	15,75	0
219140,6	15,75	0
219156,2	15,75	0
219171,9	15,00	0
219187,5	15,00	0
219203,1	15,00	0
219218,8	15,00	0
219234,4	15,00	0
219250,0	15,00	0
219265,6	15,00	0
219281,2	15,00	0
219296,9	15,00	0
219312,5	14,25	0
219328,1	14,25	0
219343,8	14,25	0
219359,4	14,25	0
219375,0	14,25	0
219390,6	14,25	0
219406,2	14,25	0
219421,9	14,25	0
219437,5	13,50	0
219453,1	13,50	0
219468,8	13,50	0
219484,4	13,50	0
219500,0	13,50	0
219515,6	13,50	0
219531,2	13,50	0
219546,9	12,75	0
219562,5	12,75	0
219578,1	12,75	0
219593,8	12,75	0
219609,4	12,75	0
219625,0	12,75	0
219640,6	12,00	0
219656,2	12,00	0
219671,9	12,00	0
219687,5	12,00	0
219703,1	12,00	0
219718,8	11,25	0
219734,4	11,25	0
219750,0	11,25	0
219765,6	11,25	0
219781,2	11,25	0
219796,9	11,25	0
219812,5	10,50	0
219828,1	10,50	0
219843,8	10,50	0
219859,4	10,50	0
219875,0	10,50	0
219890,6	9,75	0
219906,2	9,75	0
219921,9	9,75	0
219937,5	9,75	0
219953,1	9,75	0
219968,8	9,00	0
219984,4	9,00	0
220000,0	9,00	0
220015,6	9,00	0
220031,2	9,00	0
220046,9	8,25	0
220062,5	8,25	0
220078,1	8,25	0
220093,8	8,25	0
220109,4	7,50	0
220125,0	7,50	0
220140,6	7,50	0
220156,2	7,50	0
220171,9	7,50	0
220187,5	6,75	0
220203,1	6,75	0
220218,8	6,75	0
220234,4	6,75	0
220250,0	6,00	0
220265,6	6,00	0
220281,2	6,00	0
220296,9	6,00	0
220312,5	6,00	0
220328,1	5,25	0
220343,8	5,25	0
220359,4	5,25	0
220375,0	5,25	0
220390,6	4,50	0
220406,2	4,50	0
220421,9	4,50	0
220437,5	4,50	0
220453,1	3,75	0
220468,8	3,75	0
220484,4	3,75	0
220500,0	3,75	0
220515,6	3,75	0
220531,2	3,00	0
220546,9	3,00	0
220562,5	3,00	0
220578,1	3,00	0
220593,8	2,25	0
220609,4	2,25	0
220625,0	2,25	0
220640,6	2,25	0
220656,2	1,50	0
220671,9	1,50	0
220687,5	1,50	0
220703,1	1,50	0
220718,8	1,50	0
220734,4	0,75	0
220750,0	0,75	0
220765,6	0,00	0
220781,2	0,00	0
220796,9	-0,75	0
220812,5	-0,75	0
220828,1	-0,75	0
220843,8	-0,75	0
220859,4	-1,50	0
220875,0	-1,50	0
220890,6	-1,50	0
220906,2	-1,50	0
220921,9	-1,50	0
220937,5	-2,25	0
220953,1	-2,25	0
220968,8	-2,25	0
220984,4	-2,25	0
221000,0	-2,25	0
221015,6	-3,00	0
221031,2	-3,00	0
221046,9	-3,00	0
221062,5	-3,00	0
221078,1	-3,00	0
221093,8	-3,75	0
221109,4	-3,75	0
221125,0	-3,75	0
221140,6	-3,75	0
221156,2	-3,75	0
221171,9	-4,50	0
221187,5	-4,50	0
221203,1	-4,50	0
221218,8	-4,50	0
221234,4	-4,50	0
221250,0	-4,50	0
221265,6	-5,25	0
221281,2	-5,25	0
221296,9	-5,25	0
221312,5	-5,25	0
221328,1	-5,25	0
221343,8	-5,25	0
221359,4	-6,00	0
221375,0	-6,00	0
221390,6	-6,00	0
221406,2	-6,00	0
221421,9	-6,00	0
221437,5	-6,00	0
221453,1	-6,75	0
221468,8	-6,75	0
221484,4	-6,75	0
221500,0	-6,75	0
221515,6	-6,75	0
221531,2	-6,75	0
221546,9	-6,75	0
221562,5	-6,75	0
221578,1	-7,50	0
221593,8	-7,50	0
221609,4	-7,50	0
221625,0	-7,50	0
221640,6	-7,50	0
221656,2	-7,50	0
221671,9	-7,50	0
221687,5	-7,50	0
221703,1	-8,25	0
221718,8	-8,25	0
221734,4	-8,25	0
221750,0	-8,25	0
221765,6	-8,25	0
221781,2	-8,25	0
221796,9	-8,25	0
221812,5	-8,25	0
221828,1	-8,25	0
221843,8	-8,25	0
221859,4	-9,00	0
221875,0	-9,00	0
221890,6	-9,00	0
221906,2	-9,00	0
221921,9	-9,00	0
221937,5	-9,00	0
221953,1	-9,00	0
221968,8	-9,00	0
221984,4	-9,00	0
222000,0	-9,00	0
222015,6	-9,00	0
222031,2	-9,00	0
222046,9	-9,00	0
222062,5	-9,75	0
222078,1	-9,75	0
222093,8	-9,75	0
222109,4	-9,75	0
222125,0	-9,75	0
222140,6	-9,75	0
222156,2	-9,75	0
222171,9	-9,75	0
222187,5	-9,75	0
222203,1	-9,75	0
222218,8	-9,75	0
222234,4	-9,75	0
222250,0	-9,75	0
222265,6	-9,75	0
222281,2	-9,75	0
222296,9	-9,75	0
222312,5	-9,75	0
222328,1	-9,75	0
222343,8	-9,75	0
222359,4	-9,75	0
222375,0	-9,75	0
222390,6	-9,75	0
222406,2	-9,75	0
222421,9	-9,75	0
222437,5	-9,75	0
222453,1	-10,50	0
222468,8	-10,50	0
222484,4	-10,50	0
222500,0	-10,50	0
222515,6	-10,50	0
222531,2	-10,50	0
222546,9	-10,50	0
222562,5	-10,50	0
222578,1	-10,50	0
222593,8	-10,50	0
222609,4	-10,50	0
222625,0	-10,50	0
222640,6	-10,50	0
222656,2	-10,50	0
222671,9	-10,50	0
222687,5	-10,50	0
222703,1	-10,50	0
222718,8	-10,50	0
222734,4	-10,50	0
222750,0	-10,50	0
222765,6	-10,50	0
222781,2	-10,50	0
222796,9	-10,50	0
222812,5	-10,50	0
222828,1	-10,50	0
222843,8	-10,50	0
222859,4	-10,50	0
222875,0	-10,50	0
222890,6	-10,50	0
222906,2	-10,50	0
222921,9	-10,50	0
222937,5	-10,50	0
222953,1	-10,50	0
222968,8	-10,50	0
222984,4	-10,50	0
223000,0	-10,50	0
223015,6	-10,50	0
223031,2	-10,50	0
223046,9	-10,50	0
223062,5	-10,50	0
223078,1	-10,50	0
223093,8	-10,50	0
223109,4	-10,50	0
223125,0	-10,50	0
223140,6	-10,50	0
223156,2	-10,50	0
223171,9	-10,50	0
223187,5	-10,50	0
223203,1	-10,50	0
223218,8	-10,50	0
223234,4	-10,50	0
223250,0	-10,50	0
223265,6	-9,75	0
223281,2	-9,75	0
223296,9	-9,75	0
223312,5	-9,75	0
223328,1	-9,75	0
223343,8	-9,75	0
223359,4	-9,75	0
223375,0	-9,75	0
223390,6	-9,75	0
223406,2	-9,75	0
223421,9	-9,75	0
223437,5	-9,00	0
223453,1	-9,00	0
223468,8	-9,00	0
223484,4	-9,00	0
223500,0	-9,00	0
223515,6	-9,00	0
223531,2	-9,00	0
223546,9	-9,00	0
223562,5	-9,00	0
223578,1	-8,25	0
223593,8	-8,25	0
223609,4	-8,25	0
223625,0	-8,25	0
223640,6	-8,25	0
223656,2	-8,25	0
223671,9	-8,25	0
223687,5	-8,25	0
223703,1	-8,25	0
223718,8	-7,50	0
223734,4	-7,50	0
223750,0	-7,50	0
223765,6	-7,50	0
223781,2	-7,50	0
223796,9	-7,50	0
223812,5	-7,50	0
223828,1	-6,75	0
223843,8	-6,75	0
223859,4	-6,75	0
223875,0	-6,75	0
223890,6	-6,75	0
223906,2	-6,75	0
223921,9	-6,00	0
223937,5	-6,00	0
223953,1	-6,00	0
223968,8	-6,00	0
223984,4	-6,00	0
224000,0	-6,00	0
224015,6	-6,00	0
224031,2	-5,25	0
224046,9	-5,25	0
224062,5	-5,25	0
224078,1	-5,25	0
224093,8	-5,25	0
224109,4	-4,50	0
224125,0	-4,50	0
224140,6	-4,50	0
224156,2	-4,50	0
224171,9	-4,50	0
224187,5	-3,75	0
224203,1	-3,75	0
224218,8	-3,75	0
224234,4	-3,75	0
224250,0	-3,75	0
224265,6	-3,75	0
224281,2	-3,00	0
224296,9	-3,00	0
224312,5	-3,00	0
224328,1	-3,00	0
224343,8	-3,00	0
224359,4	-2,25	0
224375,0	-2,25	0
224390,6	-2,25	0
224406,2	-2,25	0
224421,9	-2,25	0
224437,5	-1,50	0
224453,1	-1,50	0
224468,8	-1,50	0
224484,4	0,00	0
224500,0	0,75	1
224515,6	0,75	0
224531,2	0,75	0
224546,9	0,75	0
224562,5	0,75	0
224578,1	1,50	0
224593,8	1,50	0
224609,4	1,50	0
224625,0	1,50	0
224640,6	2,25	0
224656,2	2,25	0
224671,9	2,25	0
224687,5	2,25	0
224703,1	3,00	0
224718,8	3,00	0
224734,4	3,00	0
224750,0	3,00	0
224765,6	3,00	0
224781,2	3,75	0
224796,9	3,75	0
224812,5	3,75	0
224828,1	3,75	0
224843,8	4,50	0
224859,4	4,50	0
224875,0	4,50	0
224890,6	4,50	0
224906,2	5,25	0
224921,9	5,25	0
224937,5	5,25	0
224953,1	5,25	0
224968,8	6,00	0
224984,4	6,00	0
225000,0	6,00	0
225015,6	6,00	0
225031,2	6,75	0
225046,9	6,75	0
225062,5	6,75	0
225078,1	6,75	0
225093,8	6,75	0
225109,4	7,50	0
225125,0	7,50	0
225140,6	7,50	0
225156,2	7,50	0
225171,9	8,25	0
225187,5	8,25	0
225203,1	8,25	0
225218,8	8,25	0
225234,4	9,00	0
225250,0	9,00	0
225265,6	9,00	0
225281,2	9,00	0
225296,9	9,00	0
225312,5	9,75	0
225328,1	9,75	0
225343,8	9,75	0
225359,4	9,75	0
225375,0	10,50	0
225390,6	10,50	0
225406,2	10,50	0
225421,9	10,50	0
225437,5	10,50	0
225453,1	11,25	0
225468,8	11,25	0
225484,4	11,25	0
225500,0	11,25	0
225515,6	11,25	0
225531,2	12,00	0
225546,9	12,00	0
225562,5	12,00	0
225578,1	12,00	0
225593,8	12,00	0
225609,4	12,75	0
225625,0	12,75	0
225640,6	12,75	0
225656,2	12,75	0
225671,9	12,75	0
225687,5	13,50	0
225703,1	13,50	0
225718,8	13,50	0
225734,4	13,50	0
225750,0	13,50	0
225765,6	13,50	0
225781,2	13,50	0
225796,9	14,25	0
225812,5	14,25	0
225828,1	14,25	0
225843,8	14,25	0
225859,4	14,25	0
225875,0	14,25	0
225890,6	15,00	0
225906,2	15,00	0
225921,9	15,00	0
225937,5	15,00	0
225953,1	15,00	0
225968,8	15,00	0
225984,4	15,00	0
226000,0	15,00	0
226015,6	15,00	0
226031,2	15,75	0
226046,9	15,75	0
226062,5	15,75	0
226078,1	15,75	0
226093,8	15,75	0
226109,4	15,75	0
226125,0	15,75	0
226140,6	15,75	0
226156,2	15,75	0
226171,9	15,75	0
226187,5	15,75	0
226203,1	16,50	0
226218,8	16,50	0
226234,4	16,50	0
226250,0	16,50	0
226265,6	16,50	0
226281,2	16,50	0
226296,9	16,50	0
226312,5	16,50	0
226328,1	16,50	0
226343,8	16,50	0
226359,4	16,50	0
226375,0	16,50	0
226390,6	16,50	0
226406,2	16,50	0
226421,9	16,50	0
226437,5	16,50	0
226453,1	16,50	0
226468,8	16,50	0
226484,4	16,50	0
226500,0	16,50	0
226515,6	16,50	0
226531,2	16,50	0
226546,9	16,50	0
226562,5	16,50	0
226578,1	16,50	0
226593,8	16,50	0
226609,4	16,50	0
226625,0	16,50	0
226640,6	16,50	0
226656,2	15,75	0
226671,9	15,75	0
226687,5	15,75	0
226703,1	15,75	0
226718,8	15,75	0
226734,4	15,75	0
226750,0	15,75	0
226765,6	15,75	0
226781,2	15,75	0
226796,9	15,75	0
226812,5	15,75	0
226828,1	15,75	0
226843,8	15,75	0
226859,4	15,75	0
226875,0	15,75	0
226890,6	15,75	0
226906,2	15,00	0
226921,9	15,00	0
226937,5	15,00	0
226953,1	15,00	0
226968,8	15,00	0
226984,4	15,00	0
227000,0	15,00	0
227015,6	15,00	0
227031,2	15,00	0
227046,9	15,00	0
227062,5	14,25	0
227078,1	14,25	0
227093,8	14,25	0
227109,4	14,25	0
227125,0	14,25	0
227140,6	14,25	0
227156,2	14,25	0
227171,9	14,25	0
227187,5	14,25	0
227203,1	13,50	0
227218,8	13,50	0
227234,4	13,50	0
227250,0	13,50	0
227265,6	13,50	0
227281,2	13,50	0
227296,9	13,50	0
227312,5	12,75	0
227328,1	12,75	0
227343,8	12,75	0
227359,4	12,75	0
227375,0	12,75	0
227390,6	12,75	0
227406,2	12,00	0
227421,9	12,00	0
227437,5	12,00	0
227453,1	12,00	0
227468,8	12,00	0
227484,4	12,00	0
227500,0	11,25	0
227515,6	11,25	0
227531,2	11,25	0
227546,9	11,25	0
227562,5	11,25	0
227578,1	11,25	0
227593,8	10,50	0
227609,4	10,50	0
227625,0	10,50	0
227640,6	10,50	0
227656,2	10,50	0
227671,9	10,50	0
227687,5	9,75	0
227703,1	9,75	0
227718,8	9,75	0
227734,4	9,75	0
227750,0	9,75	0
227765,6	9,00	0
227781,2	9,00	0
227796,9	9,00	0
227812,5	9,00	0
227828,1	9,00	0
227843,8	8,25	0
227859,4	8,25	0
227875,0	8,25	0
227890,6	8,25	0
227906,2	8,25	0
227921,9	7,50	0
227937,5	7,50	0
227953,1	7,50	0
227968,8	7,50	0
227984,4	7,50	0
228000,0	6,75	0
228015,6	6,75	0
228031,2	6,75	0
228046,9	6,75	0
228062,5	6,75	0
228078,1	6,00	0
228093,8	6,00	0
228109,4	6,00	0
228125,0	6,00	0
228140,6	6,00	0
228156,2	5,25	0
228171,9	5,25	0
228187,5	5,25	0
228203,1	5,25	0
228218,8	5,25	0
228234,4	4,50	0
228250,0	4,50	0
228265,6	4,50	0
228281,2	4,50	0
228296,9	3,75	0
228312,5	3,75	0
228328,1	3,75	0
228343,8	3,75	0
228359,4	3,75	0
228375,0	3,00	0
228390,6	3,00	0
228406,2	3,00	0
228421,9	3,00	0
228437,5	3,00	0
228453,1	2,25	0
228468,8	2,25	0
228484,4	2,25	0
228500,0	2,25	0
228515,6	2,25	0
228531,2	1,50	0
228546,9	1,50	0
228562,5	1,50	0
228578,1	1,50	0
228593,8	0,75	0
228609,4	0,75	0
228625,0	0,75	0
228640,6	0,75	0
228656,2	0,75	0
228671,9	0,00	0
228687,5	0,00	0
228703,1	0,00	0
228718,8	0,00	0
228734,4	0,00	0
228750,0	-0,75	0
228765,6	-0,75	0
228781,2	-0,75	0
228796,9	-0,75	0
228812,5	-0,75	0
228828,1	-1,50	0
228843,8	-1,50	0
228859,4	-1,50	0
228875,0	-1,50	0
228890,6	-1,50	0
228906,2	-2,25	0
228921,9	-2,25	0
228937,5	-2,25	0
228953,1	-2,25	0
228968,8	-2,25	0
228984,4	-3,00	0
229000,0	-3,00	0
229015,6	-3,00	0
229031,2	-3,00	0
229046,9	-3,00	0
229062,5	-3,00	0
229078,1	-3,75	0
229093,8	-3,75	0
229109,4	-3,75	0
229125,0	-3,75	0
229140,6	-3,75	0
229156,2	-4,50	0
229171,9	-4,50	0
229187,5	-4,50	0
229203,1	-4,50	0
229218,8	-4,50	0
229234,4	-4,50	0
229250,0	-5,25	0
229265,6	-5,25	0
229281,2	-5,25	0
229296,9	-5,25	0
229312,5	-5,25	0
229328,1	-5,25	0
229343,8	-6,00	0
229359,4	-6,00	0
229375,0	-6,00	0
229390,6	-6,00	0
229406,2	-6,00	0
229421,9	-6,00	0
229437,5	-6,00	0
229453,1	-6,75	0
229468,8	-6,75	0
229484,4	-6,75	0
229500,0	-6,75	0
229515,6	-6,75	0
229531,2	-6,75	0
229546,9	-6,75	0
229562,5	-7,50	0
229578,1	-7,50	0
229593,8	-7,50	0
229609,4	-7,50	0
229625,0	-7,50	0
229640,6	-7,50	0
229656,2	-7,50	0
229671,9	-7,50	0
229687,5	-8,25	0
229703,1	-8,25	0
229718,8	-8,25	0
229734,4	-8,25	0
229750,0	-8,25	0
229765,6	-8,25	0
229781,2	-8,25	0
229796,9	-8,25	0
229812,5	-8,25	0
229828,1	-8,25	0
229843,8	-9,00	0
229859,4	-9,00	0
229875,0	-9,00	0
229890,6	-9,00	0
229906,2	-9,00	0
229921,9	-9,00	0
229937,5	-9,00	0
229953,1	-9,00	0
229968,8	-9,00	0
229984,4	-9,00	0
230000,0	-9,00	0
230015,6	-9,00	0
230031,2	-9,75	0
230046,9	-9,75	0
230062,5	-9,75	0
230078,1	-9,75	0
230093,8	-9,75	0
230109,4	-9,75	0
230125,0	-9,75	0
230140,6	-9,75	0
230156,2	-9,75	0
230171,9	-9,75	0
230187,5	-9,75	0
230203,1	-9,75	0
230218,8	-9,75	0
230234,4	-9,75	0
230250,0	-9,75	0
230265,6	-9,75	0
230281,2	-9,75	0
230296,9	-9,75	0
230312,5	-9,75	0
230328,1	-10,50	0
230343,8	-10,50	0
230359,4	-10,50	0
230375,0	-10,50	0
230390,6	-10,50	0
230406,2	-10,50	0
230421,9	-10,50	0
230437,5	-10,50	0
230453,1	-10,50	0
230468,8	-10,50	0
230484,4	-10,50	0
230500,0	-10,50	0
230515,6	-10,50	0
230531,2	-10,50	0
230546,9	-10,50	0
230562,5	-10,50	0
230578,1	-10,50	0
230593,8	-10,50	0
230609,4	-10,50	0
230625,0	-10,50	0
230640,6	-10,50	0
230656,2	-10,50	0
230671,9	-10,50	0
230687,5	-10,50	0
230703,1	-10,50	0
230718,8	-10,50	0
230734,4	-10,50	0
230750,0	-10,50	0
230765,6	-10,50	0
230781,2	-10,50	0
230796,9	-10,50	0
230812,5	-10,50	0
230828,1	-10,50	0
230843,8	-10,50	0
230859,4	-10,50	0
230875,0	-10,50	0
230890,6	-10,50	0
230906,2	-10,50	0
230921,9	-10,50	0
230937,5	-10,50	0
230953,1	-10,50	0
230968,8	-10,50	0
230984,4	-10,50	0
231000,0	-10,50	0
231015,6	-10,50	0
231031,2	-10,50	0
231046,9	-10,50	0
231062,5	-10,50	0
231078,1	-10,50	0
231093,8	-10,50	0
231109,4	-10,50	0
231125,0	-10,50	0
231140,6	-10,50	0
231156,2	-10,50	0
231171,9	-10,50	0
231187,5	-10,50	0
231203,1	-10,50	0
231218,8	-10,50	0
231234,4	-9,75	0
231250,0	-9,75	0
231265,6	-9,75	0
231281,2	-9,75	0
231296,9	-9,75	0
231312,5	-9,75	0
231328,1	-9,75	0
231343,8	-9,75	0
231359,4	-9,75	0
231375,0	-9,75	0
231390,6	-9,75	0
231406,2	-9,75	0
231421,9	-9,00	0
231437,5	-9,00	0
231453,1	-9,00	0
231468,8	-9,00	0
231484,4	-9,00	0
231500,0	-9,00	0
231515,6	-9,00	0
231531,2	-9,00	0
231546,9	-9,00	0
231562,5	-8,25	0
231578,1	-8,25	0
231593,8	-8,25	0
231609,4	-8,25	0
231625,0	-8,25	0
231640,6	-8,25	0
231656,2	-8,25	0
231671,9	-8,25	0
231687,5	-7,50	0
231703,1	-7,50	0
231718,8	-7,50	0
231734,4	-7,50	0
231750,0	-7,50	0
231765,6	-7,50	0
231781,2	-7,50	0
231796,9	-6,75	0
231812,5	-6,75	0
231828,1	-6,75	0
231843,8	-6,75	0
231859,4	-6,75	0
231875,0	-6,75	0
231890,6	-6,75	0
231906,2	-6,00	0
231921,9	-6,00	0
231937,5	-6,00	0
231953,1	-6,00	0
231968,8	-6,00	0
231984,4	-6,00	0
232000,0	-5,25	0
232015,6	-5,25	0
232031,2	-5,25	0
232046,9	-5,25	0
232062,5	-5,25	0
232078,1	-5,25	0
232093,8	-4,50	0
232109,4	-4,50	0
232125,0	-4,50	0
232140,6	-4,50	0
232156,2	-4,50	0
232171,9	-4,50	0
232187,5	-3,75	0
232203,1	-3,75	0
232218,8	-3,75	0
232234,4	-3,75	0
232250,0	-3,75	0
232265,6	-3,00	0
232281,2	-3,00	0
232296,9	-3,00	0
232312,5	-3,00	0
232328,1	-3,00	0
232343,8	-2,25	0
232359,4	-2,25	0
232375,0	-2,25	0
232390,6	-2,25	0
232406,2	-2,25	0
232421,9	-1,50	0
232437,5	-1,50	0
232453,1	-1,50	0
232484,4	0,00	0
232500,0	0,75	0
232515,6	0,75	0
232531,2	0,75	1
232546,9	0,75	0
232562,5	1,50	0
232578,1	1,50	0
232593,8	1,50	0
232609,4	1,50	0
232625,0	1,50	0
232640,6	2,25	0
232656,2	2,25	0
232671,9	2,25	0
232687,5	2,25	0
232703,1	2,25	0
232718,8	3,00	0
232734,4	3,00	0
232750,0	3,00	0
232765,6	3,00	0
232781,2	3,75	0
232796,9	3,75	0
232812,5	3,75	0
232828,1	3,75	0
232843,8	4,50	0
232859,4	4,50	0
232875,0	4,50	0
232890,6	4,50	0
232906,2	4,50	0
232921,9	5,25	0
232937,5	5,25	0
232953,1	5,25	0
232968,8	5,25	0
232984,4	5,25	0
233000,0	6,00	0
233015,6	6,00	0
233031,2	6,00	0
233046,9	6,00	0
233062,5	6,75	0
233078,1	6,75	0
233093,8	6,75	0
233109,4	6,75	0
233125,0	6,75	0
233140,6	7,50	0
233156,2	7,50	0
233171,9	7,50	0
233187,5	7,50	0
233203,1	8,25	0
233218,8	8,25	0
233234,4	8,25	0
233250,0	8,25	0
233265,6	8,25	0
233281,2	9,00	0
233296,9	9,00	0
233312,5	9,00	0
233328,1	9,00	0
233343,8	9,00	0
233359,4	9,75	0
233375,0	9,75	0
233390,6	9,75	0
233406,2	9,75	0
233421,9	9,75	0
233437,5	10,50	0
233453,1	10,50	0
233468,8	10,50	0
233484,4	10,50	0
233500,0	10,50	0
233515,6	11,25	0
233531,2	11,25	0
233546,9	11,25	0
233562,5	11,25	0
233578,1	11,25	0
233593,8	12,00	0
233609,4	12,00	0
233625,0	12,00	0
233640,6	12,00	0
233656,2	12,00	0
233671,9	12,75	0
233687,5	12,75	0
233703,1	12,75	0
233718,8	12,75	0
233734,4	12,75	0
233750,0	12,75	0
233765,6	13,50	0
233781,2	13,50	0
233796,9	13,50	0
233812,5	13,50	0
233828,1	13,50	0
233843,8	13,50	0
233859,4	13,50	0
233875,0	14,25	0
233890,6	14,25	0
233906,2	14,25	0
233921,9	14,25	0
233937,5	14,25	0
233953,1	14,25	0
233968,8	14,25	0
233984,4	15,00	0
234000,0	15,00	0
234015,6	15,00	0
234031,2	15,00	0
234046,9	15,00	0
234062,5	15,00	0
234078,1	15,00	0
234093,8	15,00	0
234109,4	15,00	0
234125,0	15,75	0
234140,6	15,75	0
234156,2	15,75	0
234171,9	15,75	0
234187,5	15,75	0
234203,1	15,75	0
234218,8	15,75	0
234234,4	15,75	0
234250,0	15,75	0
234265,6	15,75	0
234281,2	15,75	0
234296,9	15,75	0
234312,5	15,75	0
234328,1	16,50	0
234343,8	16,50	0
234359,4	16,50	0
234375,0	16,50	0
234390,6	16,50	0
234406,2	16,50	0
234421,9	16,50	0
234437,5	16,50	0
234453,1	16,50	0
234468,8	16,50	0
234484,4	16,50	0
234500,0	16,50	0
234515,6	16,50	0
234531,2	16,50	0
234546,9	16,50	0
234562,5	16,50	0
234578,1	16,50	0
234593,8	16,50	0
234609,4	16,50	0
234625,0	16,50	0
234640,6	16,50	0
234656,2	16,50	0
234671,9	16,50	0
234687,5	16,50	0
234703,1	16,50	0
234718,8	16,50	0
234734,4	16,50	0
234750,0	16,50	0
234765,6	16,50	0
234781,2	16,50	0
234796,9	16,50	0
234812,5	16,50	0
234828,1	16,50	0
234843,8	16,50	0
234859,4	16,50	0
234875,0	16,50	0
234890,6	16,50	0
234906,2	16,50	0
234921,9	16,50	0
234937,5	16,50	0
234953,1	16,50	0
234968,8	16,50	0
234984,4	15,75	0
235000,0	15,75	0
235015,6	15,75	0
235031,2	15,75	0
235046,9	15,75	0
235062,5	15,75	0
235078,1	15,75	0
235093,8	15,75	0
235109,4	15,75	0
235125,0	15,75	0
235140,6	15,00	0
235156,2	15,00	0
235171,9	15,00	0
235187,5	15,00	0
235203,1	15,00	0
235218,8	15,00	0
235234,4	15,00	0
235250,0	15,00	0
235265,6	14,25	0
235281,2	14,25	0
235296,9	14,25	0
235312,5	14,25	0
235328,1	14,25	0
235343,8	14,25	0
235359,4	14,25	0
235375,0	13,50	0
235390,6	13,50	0
235406,2	13,50	0
235421,9	13,50	0
235437,5	13,50	0
235453,1	13,50	0
235468,8	12,75	0
235484,4	12,75	0
235500,0	12,75	0
235515,6	12,75	0
235531,2	12,75	0
235546,9	12,75	0
235562,5	12,00	0
235578,1	12,00	0
235593,8	12,00	0
235609,4	12,00	0
235625,0	12,00	0
235640,6	12,00	0
235656,2	11,25	0
235671,9	11,25	0
235687,5	11,25	0
235703,1	11,25	0
235718,8	11,25	0
235734,4	10,50	0
235750,0	10,50	0
235765,6	10,50	0
235781,2	10,50	0
235796,9	10,50	0
235812,5	9,75	0
235828,1	9,75	0
235843,8	9,75	0
235859,4	9,75	0
235875,0	9,75	0
235890,6	9,00	0
235906,2	9,00	0
235921,9	9,00	0
235937,5	9,00	0
235953,1	9,00	0
235968,8	8,25	0
235984,4	8,25	0
236000,0	8,25	0
236015,6	8,25	0
236031,2	8,25	0
236046,9	7,50	0
236062,5	7,50	0
236078,1	7,50	0
236093,8	7,50	0
236109,4	6,75	0
236125,0	6,75	0
236140,6	6,75	0
236156,2	6,75	0
236171,9	6,75	0
236187,5	6,00	0
236203,1	6,00	0
236218,8	6,00	0
236234,4	6,00	0
236250,0	6,00	0
236265,6	5,25	0
236281,2	5,25	0
236296,9	5,25	0
236312,5	5,25	0
236328,1	4,50	0
236343,8	4,50	0
236359,4	4,50	0
236375,0	4,50	0
236390,6	4,50	0
236406,2	3,75	0
236421,9	3,75	0
236437,5	3,75	0
236453,1	3,75	0
236468,8	3,75	0
236484,4	3,00	0
236500,0	3,00	0
236515,6	3,00	0
236531,2	3,00	0
236546,9	3,00	0
236562,5	2,25	0
236578,1	2,25	0
236593,8	2,25	0
236609,4	2,25	0
236625,0	2,25	0
236640,6	1,50	0
236656,2	1,50	0
236671,9	1,50	0
236687,5	1,50	0
236703,1	1,50	0
236718,8	0,75	0
236734,4	0,75	0
236750,0	0,75	0
236765,6	0,00	0
236781,2	0,00	0
236796,9	-0,75	0
236812,5	-0,75	0
236828,1	-0,75	0
236843,8	-0,75	0
236859,4	-0,75	0
236875,0	-1,50	0
236890,6	-1,50	0
236906,2	-1,50	0
236921,9	-1,50	0
236937,5	-1,50	0
236953,1	-1,50	0
236968,8	-2,25	0
236984,4	-2,25	0
237000,0	-2,25	0
237015,6	-2,25	0
237031,2	-2,25	0
237046,9	-2,25	0
237062,5	-3,00	0
237078,1	-3,00	0
237093,8	-3,00	0
237109,4	-3,00	0
237125,0	-3,00	0
237140,6	-3,00	0
237156,2	-3,75	0
237171,9	-3,75	0
237187,5	-3,75	0
237203,1	-3,75	0
237218,8	-3,75	0
237234,4	-3,75	0
237250,0	-4,50	0
237265,6	-4,50	0
237281,2	-4,50	0
237296,9	-4,50	0
237312,5	-4,50	0
237328,1	-4,50	0
237343,8	-4,50	0
237359,4	-5,25	0
237375,0	-5,25	0
237390,6	-5,25	0
237406,2	-5,25	0
237421,9	-5,25	0
237437,5	-5,25	0
237453,1	-5,25	0
237468,8	-6,00	0
237484,4	-6,00	0
237500,0	-6,00	0
237515,6	-6,00	0
237531,2	-6,00	0
237546,9	-6,00	0
237562,5	-6,00	0
237578,1	-6,00	0
237593,8	-6,75	0
237609,4	-6,75	0
237625,0	-6,75	0
237640,6	-6,75	0
237656,2	-6,75	0
237671,9	-6,75	0
237687,5	-6,75	0
237703,1	-6,75	0
237718,8	-7,50	0
237734,4	-7,50	0
237750,0	-7,50	0
237765,6	-7,50	0
237781,2	-7,50	0
237796,9	-7,50	0
237812,5	-7,50	0
237828,1	-7,50	0
237843,8	-7,50	0
237859,4	-7,50	0
237875,0	-8,25	0
237890,6	-8,25	0
237906,2	-8,25	0
237921,9	-8,25	0
237937,5	-8,25	0
237953,1	-8,25	0
237968,8	-8,25	0
237984,4	-8,25	0
238000,0	-8,25	0
238015,6	-8,25	0
238031,2	-8,25	0
238046,9	-9,00	0
238062,5	-9,00	0
238078,1	-9,00	0
238093,8	-9,00	0
238109,4	-9,00	0
238125,0	-9,00	0
238140,6	-9,00	0
238156,2	-9,00	0
238171,9	-9,00	0
238187,5	-9,00	0
238203,1	-9,00	0
238218,8	-9,00	0
238234,4	-9,75	0
238250,0	-9,75	0
238265,6	-9,75	0
238281,2	-9,75	0
238296,9	-9,75	0
238312,5	-9,75	0
238328,1	-9,75	0
238343,8	-9,75	0
238359,4	-9,75	0
238375,0	-9,75	0
238390,6	-9,75	0
238406,2	-9,75	0
238421,9	-9,75	0
238437,5	-9,75	0
238453,1	-9,75	0
238468,8	-9,75	0
238484,4	-9,75	0
238500,0	-10,50	0
238515,6	-10,50	0
238531,2	-10,50	0
238546,9	-10,50	0
238562,5	-10,50	0
238578,1	-10,50	0
238593,8	-10,50	0
238609,4	-10,50	0
238625,0	-10,50	0
238640,6	-10,50	0
238656,2	-10,50	0
238671,9	-10,50	0
238687,5	-10,50	0
238703,1	-10,50	0
238718,8	-10,50	0
238734,4	-10,50	0
238750,0	-10,50	0
238765,6	-10,50	0
238781,2	-10,50	0
238796,9	-10,50	0
238812,5	-10,50	0
238828,1	-10,50	0
238843,8	-10,50	0
238859,4	-10,50	0
238875,0	-10,50	0
238890,6	-10,50	0
238906,2	-10,50	0
238921,9	-10,50	0
238937,5	-10,50	0
238953,1	-10,50	0
238968,8	-10,50	0
238984,4	-10,50	0
239000,0	-10,50	0
239015,6	-10,50	0
239031,2	-10,50	0
239046,9	-10,50	0
239062,5	-10,50	0
239078,1	-10,50	0
239093,8	-10,50	0
239109,4	-10,50	0
239125,0	-10,50	0
239140,6	-10,50	0
239156,2	-10,50	0
239171,9	-10,50	0
239187,5	-10,50	0
239203,1	-10,50	0
239218,8	-10,50	0
239234,4	-10,50	0
239250,0	-9,75	0
239265,6	-9,75	0
239281,2	-9,75	0
239296,9	-9,75	0
239312,5	-9,75	0
239328,1	-9,75	0
239343,8	-9,75	0
239359,4	-9,75	0
239375,0	-9,75	0
239390,6	-9,75	0
239406,2	-9,75	0
239421,9	-9,00	0
239437,5	-9,00	0
239453,1	-9,00	0
239468,8	-9,00	0
239484,4	-9,00	0
239500,0	-9,00	0
239515,6	-9,00	0
239531,2	-9,00	0
239546,9	-9,00	0
239562,5	-8,25	0
239578,1	-8,25	0
239593,8	-8,25	0
239609,4	-8,25	0
239625,0	-8,25	0
239640,6	-8,25	0
239656,2	-8,25	0
239671,9	-7,50	0
239687,5	-7,50	0
239703,1	-7,50	0
239718,8	-7,50	0
239734,4	-7,50	0
239750,0	-7,50	0
239765,6	-6,75	0
239781,2	-6,75	0
239796,9	-6,75	0
239812,5	-6,75	0
239828,1	-6,75	0
239843,8	-6,75	0
239859,4	-6,00	0
239875,0	-6,00	0
239890,6	-6,00	0
239906,2	-6,00	0
239921,9	-6,00	0
239937,5	-6,00	0
239953,1	-5,25	0
239968,8	-5,25	0
239984,4	-5,25	0
240000,0	-5,25	0
240015,6	-5,25	0
240031,2	-4,50	0
240046,9	-4,50	0
240062,5	-4,50	0
240078,1	-4,50	0
240093,8	-4,50	0
240109,4	-3,75	0
240125,0	-3,75	0
240140,6	-3,75	0
240156,2	-3,75	0
240171,9	-3,00	0
240187,5	-3,00	0
240203,1	-3,00	0
240218,8	-3,00	0
240234,4	-3,00	0
240250,0	-2,25	0
240265,6	-2,25	0
240281,2	-2,25	0
240296,9	-2,25	0
240312,5	-1,50	0
240328,1	-1,50	0
240343,8	-1,50	0
240359,4	-1,50	0
240375,0	-1,50	0
240390,6	-0,75	0
240406,2	-0,75	0
240421,9	-0,75	0
240437,5	0,00	0
240453,1	0,75	0
240468,8	0,75	0
240484,4	0,75	0
240500,0	0,75	0
240515,6	1,50	1
240531,2	1,50	0
240546,9	1,50	0
240562,5	1,50	0
240578,1	1,50	0
240593,8	2,25	0
240609,4	2,25	0
240625,0	2,25	0
240640,6	2,25	0
240656,2	3,00	0
240671,9	3,00	0
240687,5	3,00	0
240703,1	3,00	0
240718,8	3,00	0
240734,4	3,75	0
240750,0	3,75	0
240765,6	3,75	0
240781,2	3,75	0
240796,9	4,50	0
240812,5	4,50	0
240828,1	4,50	0
240843,8	4,50	0
240859,4	4,50	0
240875,0	5,25	0
240890,6	5,25	0
240906,2	5,25	0
240921,9	5,25	0
240937,5	6,00	0
240953,1	6,00	0
240968,8	6,00	0
240984,4	6,00	0
241000,0	6,00	0
241015,6	6,75	0
241031,2	6,75	0
241046,9	6,75	0
241062,5	6,75	0
241078,1	6,75	0
241093,8	7,50	0
241109,4	7,50	0
241125,0	7,50	0
241140,6	7,50	0
241156,2	7,50	0
241171,9	8,25	0
241187,5	8,25	0
241203,1	8,25	0
241218,8	8,25	0
241234,4	8,25	0
241250,0	9,00	0
241265,6	9,00	0
241281,2	9,00	0
241296,9	9,00	0
241312,5	9,00	0
241328,1	9,75	0
241343,8	9,75	0
241359,4	9,75	0
241375,0	9,75	0
241390,6	9,75	0
241406,2	9,75	0
241421,9	10,50	0
241437,5	10,50	0
241453,1	10,50	0
241468,8	10,50	0
241484,4	10,50	0
241500,0	10,50	0
241515,6	11,25	0
241531,2	11,25	0
241546,9	11,25	0
241562,5	11,25	0
241578,1	11,25	0
241593,8	11,25	0
241609,4	12,00	0
241625,0	12,00	0
241640,6	12,00	0
241656,2	12,00	0
241671,9	12,00	0
241687,5	12,00	0
241703,1	12,00	0
241718,8	12,75	0
241734,4	12,75	0
241750,0	12,75	0
241765,6	12,75	0
241781,2	12,75	0
241796,9	12,75	0
241812,5	12,75	0
241828,1	13,50	0
241843,8	13,50	0
241859,4	13,50	0
241875,0	13,50	0
241890,6	13,50	0
241906,2	13,50	0
241921,9	13,50	0
241937,5	14,25	0
241953,1	14,25	0
241968,8	14,25	0
241984,4	14,25	0
242000,0	14,25	0
242015,6	14,25	0
242031,2	14,25	0
242046,9	14,25	0
242062,5	14,25	0
242078,1	15,00	0
242093,8	15,00	0
242109,4	15,00	0
242125,0	15,00	0
242140,6	15,00	0
242156,2	15,00	0
242171,9	15,00	0
242187,5	15,00	0
242203,1	15,00	0
242218,8	15,00	0
242234,4	15,00	0
242250,0	15,00	0
242265,6	15,75	0
242281,2	15,75	0
242296,9	15,75	0
242312,5	15,75	0
242328,1	15,75	0
242343,8	15,75	0
242359,4	15,75	0
242375,0	15,75	0
242390,6	15,75	0
242406,2	15,75	0
242421,9	15,75	0
242437,5	15,75	0
242453,1	15,75	0
242468,8	15,75	0
242484,4	15,75	0
242500,0	15,75	0
242515,6	15,75	0
242531,2	15,75	0
242546,9	15,75	0
242562,5	15,75	0
242578,1	16,50	0
242593,8	16,50	0
242609,4	16,50	0
242625,0	16,50	0
242640,6	16,50	0
242656,2	16,50	0
242671,9	16,50	0
242687,5	16,50	0
242703,1	16,50	0
242718,8	16,50	0
242734,4	16,50	0
242750,0	16,50	0
242765,6	16,50	0
242781,2	16,50	0
242796,9	16,50	0
242812,5	16,50	0
242828,1	16,50	0
242843,8	16,50	0
242859,4	16,50	0
242875,0	16,50	0
242890,6	16,50	0
242906,2	16,50	0
242921,9	16,50	0
242937,5	16,50	0
242953,1	16,50	0
242968,8	16,50	0
242984,4	16,50	0
243000,0	15,75	0
243015,6	15,75	0
243031,2	15,75	0
243046,9	15,75	0
243062,5	15,75	0
243078,1	15,75	0
243093,8	15,75	0
243109,4	15,75	0
243125,0	15,75	0
243140,6	15,75	0
243156,2	15,75	0
243171,9	15,75	0
243187,5	15,00	0
243203,1	15,00	0
243218,8	15,00	0
243234,4	15,00	0
243250,0	15,00	0
243265,6	15,00	0
243281,2	15,00	0
243296,9	15,00	0
243312,5	15,00	0
243328,1	14,25	0
243343,8	14,25	0
243359,4	14,25	0
243375,0	14,25	0
243390,6	14,25	0
243406,2	14,25	0
243421,9	14,25	0
243437,5	14,25	0
243453,1	13,50	0
243468,8	13,50	0
243484,4	13,50	0
243500,0	13,50	0
243515,6	13,50	0
243531,2	13,50	0
243546,9	12,75	0
243562,5	12,75	0
243578,1	12,75	0
243593,8	12,75	0
243609,4	12,75	0
243625,0	12,75	0
243640,6	12,00	0
243656,2	12,00	0
243671,9	12,00	0
243687,5	12,00	0
243703,1	12,00	0
243718,8	12,00	0
243734,4	11,25	0
243750,0	11,25	0
243765,6	11,25	0
243781,2	11,25	0
243796,9	11,25	0
243812,5	10,50	0
243828,1	10,50	0
243843,8	10,50	0
243859,4	10,50	0
243875,0	10,50	0
243890,6	9,75	0
243906,2	9,75	0
243921,9	9,75	0
243937,5	9,75	0
243953,1	9,75	0
243968,8	9,00	0
243984,4	9,00	0
244000,0	9,00	0
244015,6	9,00	0
244031,2	8,25	0
244046,9	8,25	0
244062,5	8,25	0
244078,1	8,25	0
244093,8	8,25	0
244109,4	7,50	0
244125,0	7,50	0
244140,6	7,50	0
244156,2	7,50	0
244171,9	7,50	0
244187,5	6,75	0
244203,1	6,75	0
244218,8	6,75	0
244234,4	6,75	0
244250,0	6,00	0
244265,6	6,00	0
244281,2	6,00	0
244296,9	6,00	0
244312,5	6,00	0
244328,1	5,25	0
244343,8	5,25	0
244359,4	5,25	0
244375,0	5,25	0
244390,6	4,50	0
244406,2	4,50	0
244421,9	4,50	0
244437,5	4,50	0
244453,1	4,50	0
244468,8	3,75	0
244484,4	3,75	0
244500,0	3,75	0
244515,6	3,75	0
244531,2	3,00	0
244546,9	3,00	0
244562,5	3,00	0
244578,1	3,00	0
244593,8	3,00	0
244609,4	2,25	0
244625,0	2,25	0
244640,6	2,25	0
244656,2	2,25	0
244671,9	2,25	0
244687,5	1,50	0
244703,1	1,50	0
244718,8	1,50	0
244734,4	1,50	0
244750,0	0,75	0
244765,6	0,75	0
244781,2	0,75	0
244796,9	0,00	0
244812,5	0,00	0
244828,1	-0,75	0
244843,8	-0,75	0
244859,4	-0,75	0
244875,0	-0,75	0
244890,6	-0,75	0
244906,2	-0,75	0
244921,9	-1,50	0
244937,5	-1,50	0
244953,1	-1,50	0
244968,8	-1,50	0
244984,4	-1,50	0
245000,0	-2,25	0
245015,6	-2,25	0
245031,2	-2,25	0
245046,9	-2,25	0
245062,5	-2,25	0
245078,1	-3,00	0
245093,8	-3,00	0
245109,4	-3,00	0
245125,0	-3,00	0
245140,6	-3,00	0
245156,2	-3,00	0
245171,9	-3,75	0
245187,5	-3,75	0
245203,1	-3,75	0
245218,8	-3,75	0
245234,4	-3,75	0
245250,0	-3,75	0
245265,6	-4,50	0
245281,2	-4,50	0
245296,9	-4,50	0
245312,5	-4,50	0
245328,1	-4,50	0
245343,8	-4,50	0
245359,4	-4,50	0
245375,0	-5,25	0
245390,6	-5,25	0
245406,2	-5,25	0
245421,9	-5,25	0
245437,5	-5,25	0
245453,1	-5,25	0
245468,8	-6,00	0
245484,4	-6,00	0
245500,0	-6,00	0
245515,6	-6,00	0
245531,2	-6,00	0
245546,9	-6,00	0
245562,5	-6,00	0
245578,1	-6,00	0
245593,8	-6,75	0
245609,4	-6,75	0
245625,0	-6,75	0
245640,6	-6,75	0
245656,2	-6,75	0
245671,9	-6,75	0
245687,5	-6,75	0
245703,1	-6,75	0
245718,8	-7,50	0
245734,4	-7,50	0
245750,0	-7,50	0
245765,6	-7,50	0
245781,2	-7,50	0
245796,9	-7,50	0
245812,5	-7,50	0
245828,1	-7,50	0
245843,8	-8,25	0
245859,4	-8,25	0
245875,0	-8,25	0
245890,6	-8,25	0
245906,2	-8,25	0
245921,9	-8,25	0
245937,5	-8,25	0
245953,1	-8,25	0
245968,8	-8,25	0
245984,4	-9,00	0
246000,0	-9,00	0
246015,6	-9,00	0
246031,2	-9,00	0
246046,9	-9,00	0
246062,5	-9,00	0
246078,1	-9,00	0
246093,8	-9,00	0
246109,4	-9,00	0
246125,0	-9,00	0
246140,6	-9,00	0
246156,2	-9,75	0
246171,9	-9,75	0
246187,5	-9,75	0
246203,1	-9,75	0
246218,8	-9,75	0
246234,4	-9,75	0
246250,0	-9,75	0
246265,6	-9,75	0
246281,2	-9,75	0
246296,9	-9,75	0
246312,5	-9,75	0
246328,1	-9,75	0
246343,8	-9,75	0
246359,4	-9,75	0
246375,0	-9,75	0
246390,6	-10,50	0
246406,2	-10,50	0
246421,9	-10,50	0
246437,5	-10,50	0
246453,1	-10,50	0
246468,8	-10,50	0
246484,4	-10,50	0
246500,0	-10,50	0
246515,6	-10,50	0
246531,2	-10,50	0
246546,9	-10,50	0
246562,5	-10,50	0
246578,1	-10,50	0
246593,8	-10,50	0
246609,4	-10,50	0
246625,0	-10,50	0
246640,6	-10,50	0
246656,2	-10,50	0
246671,9	-10,50	0
246687,5	-10,50	0
246703,1	-10,50	0
246718,8	-10,50	0
246734,4	-10,50	0
246750,0	-10,50	0
246765,6	-10,50	0
246781,2	-10,50	0
246796,9	-10,50	0
246812,5	-10,50	0
246828,1	-10,50	0
246843,8	-10,50	0
246859,4	-10,50	0
246875,0	-10,50	0
246890,6	-10,50	0
246906,2	-10,50	0
246921,9	-10,50	0
246937,5	-10,50	0
246953,1	-10,50	0
246968,8	-10,50	0
246984,4	-10,50	0
247000,0	-10,50	0
247015,6	-10,50	0
247031,2	-10,50	0
247046,9	-10,50	0
247062,5	-10,50	0
247078,1	-10,50	0
247093,8	-10,50	0
247109,4	-10,50	0
247125,0	-10,50	0
247140,6	-10,50	0
247156,2	-10,50	0
247171,9	-10,50	0
247187,5	-10,50	0
247203,1	-10,50	0
247218,8	-10,50	0
247234,4	-9,75	0
247250,0	-9,75	0
247265,6	-9,75	0
247281,2	-9,75	0
247296,9	-9,75	0
247312,5	-9,75	0
247328,1	-9,75	0
247343,8	-9,75	0
247359,4	-9,75	0
247375,0	-9,75	0
247390,6	-9,75	0
247406,2	-9,00	0
247421,9	-9,00	0
247437,5	-9,00	0
247453,1	-9,00	0
247468,8	-9,00	0
247484,4	-9,00	0
247500,0	-9,00	0
247515,6	-9,00	0
247531,2	-8,25	0
247546,9	-8,25	0
247562,5	-8,25	0
247578,1	-8,25	0
247593,8	-8,25	0
247609,4	-8,25	0
247625,0	-8,25	0
247640,6	-7,50	0
247656,2	-7,50	0
247671,9	-7,50	0
247687,5	-7,50	0
247703,1	-7,50	0
247718,8	-7,50	0
247734,4	-7,50	0
247750,0	-6,75	0
247765,6	-6,75	0
247781,2	-6,75	0
247796,9	-6,75	0
247812,5	-6,75	0
247828,1	-6,75	0
247843,8	-6,00	0
247859,4	-6,00	0
247875,0	-6,00	0
247890,6	-6,00	0
247906,2	-6,00	0
247921,9	-6,00	0
247937,5	-5,25	0
247953,1	-5,25	0
247968,8	-5,25	0
247984,4	-5,25	0
248000,0	-5,25	0
248015,6	-4,50	0
248031,2	-4,50	0
248046,9	-4,50	0
248062,5	-4,50	0
248078,1	-4,50	0
248093,8	-3,75	0
248109,4	-3,75	0
248125,0	-3,75	0
248140,6	-3,75	0
248156,2	-3,75	0
248171,9	-3,00	0
248187,5	-3,00	0
248203,1	-3,00	0
248218,8	-3,00	0
248234,4	-3,00	0
248250,0	-2,25	0
248265,6	-2,25	0
248281,2	-2,25	0
248296,9	-2,25	0
248312,5	-2,25	0
248328,1	-1,50	0
248343,8	-1,50	0
248359,4	-1,50	0
248375,0	-1,50	0
248390,6	-1,50	0
248406,2	-0,75	0
248421,9	-0,75	0
248437,5	-0,75	0
248453,1	0,00	0
248468,8	0,75	0
248484,4	0,75	0
248500,0	0,75	0
248515,6	0,75	1
248531,2	0,75	0
248546,9	1,50	0
248562,5	1,50	0
248578,1	1,50	0
248593,8	1,50	0
248609,4	2,25	0
248625,0	2,25	0
248640,6	2,25	0
248656,2	2,25	0
248671,9	2,25	0
248687,5	3,00	0
248703,1	3,00	0
248718,8	3,00	0
248734,4	3,00	0
248750,0	3,75	0
248765,6	3,75	0
248781,2	3,75	0
248796,9	3,75	0
248812,5	3,75	0
248828,1	4,50	0
248843,8	4,50	0
248859,4	4,50	0
248875,0	4,50	0
248890,6	5,25	0
248906,2	5,25	0
248921,9	5,25	0
248937,5	5,25	0
248953,1	5,25	0
248968,8	6,00	0
248984,4	6,00	0
249000,0	6,00	0
249015,6	6,00	0
249031,2	6,00	0
249046,9	6,75	0
249062,5	6,75	0
249078,1	6,75	0
249093,8	6,75	0
249109,4	7,50	0
249125,0	7,50	0
249140,6	7,50	0
249156,2	7,50	0
249171,9	7,50	0
249187,5	8,25	0
249203,1	8,25	0
249218,8	8,25	0
249234,4	8,25	0
249250,0	8,25	0
249265,6	9,00	0
249281,2	9,00	0
249296,9	9,00	0
249312,5	9,00	0
249328,1	9,00	0
249343,8	9,75	0
249359,4	9,75	0
249375,0	9,75	0
249390,6	9,75	0
249406,2	9,75	0
249421,9	10,50	0
249437,5	10,50	0
249453,1	10,50	0
249468,8	10,50	0
249484,4	10,50	0
249500,0	11,25	0
249515,6	11,25	0
249531,2	11,25	0
249546,9	11,25	0
249562,5	11,25	0
249578,1	11,25	0
249593,8	12,00	0
249609,4	12,00	0
249625,0	12,00	0
249640,6	12,00	0
249656,2	12,00	0
249671,9	12,00	0
249687,5	12,75	0
249703,1	12,75	0
249718,8	12,75	0
249734,4	12,75	0
249750,0	12,75	0
249765,6	12,75	0
249781,2	12,75	0
249796,9	13,50	0
249812,5	13,50	0
249828,1	13,50	0
249843,8	13,50	0
249859,4	13,50	0
249875,0	13,50	0
249890,6	13,50	0
249906,2	13,50	0
249921,9	14,25	0
249937,5	14,25	0
249953,1	14,25	0
249968,8	14,25	0
249984,4	14,25	0
250000,0	14,25	0
250015,6	14,25	0
250031,2	14,25	0
250046,9	14,25	0
250062,5	15,00	0
250078,1	15,00	0
250093,8	15,00	0
250109,4	15,00	0
250125,0	15,00	0
250140,6	15,00	0
250156,2	15,00	0
250171,9	15,00	0
250187,5	15,00	0
250203,1	15,00	0
250218,8	15,00	0
250234,4	15,75	0
250250,0	15,75	0
250265,6	15,75	0
250281,2	15,75	0
250296,9	15,75	0
250312,5	15,75	0
250328,1	15,75	0
250343,8	15,75	0
250359,4	15,75	0
250375,0	15,75	0
250390,6	15,75	0
250406,2	15,75	0
250421,9	15,75	0
250437,5	15,75	0
250453,1	15,75	0
250468,8	15,75	0
250484,4	15,75	0
250500,0	15,75	0
250515,6	15,75	0
250531,2	15,75	0
250546,9	15,75	0
250562,5	15,75	0
250578,1	15,75	0
250593,8	15,75	0
250609,4	15,75	0
250625,0	15,75	0
250640,6	15,75	0
250656,2	15,75	0
250671,9	15,75	0
250687,5	15,75	0
250703,1	15,75	0
250718,8	15,75	0
250734,4	15,75	0
250750,0	15,75	0
250765,6	15,75	0
250781,2	15,75	0
250796,9	15,75	0
250812,5	15,75	0
250828,1	15,75	0
250843,8	15,75	0
250859,4	15,75	0
250875,0	15,75	0
250890,6	15,75	0
250906,2	15,75	0
250921,9	15,75	0
250937,5	15,75	0
250953,1	15,75	0
250968,8	15,75	0
250984,4	15,75	0
251000,0	15,75	0
251015,6	15,75	0
251031,2	15,75	0
251046,9	15,75	0
251062,5	15,75	0
251078,1	15,75	0
251093,8	15,75	0
251109,4	15,75	0
251125,0	15,75	0
251140,6	15,00	0
251156,2	15,00	0
251171,9	15,00	0
251187,5	15,00	0
251203,1	15,00	0
251218,8	15,00	0
251234,4	15,00	0
251250,0	15,00	0
251265,6	15,00	0
251281,2	15,00	0
251296,9	14,25	0
251312,5	14,25	0
251328,1	14,25	0
251343,8	14,25	0
251359,4	14,25	0
251375,0	14,25	0
251390,6	14,25	0
251406,2	14,25	0
251421,9	13,50	0
251437,5	13,50	0
251453,1	13,50	0
251468,8	13,50	0
251484,4	13,50	0
251500,0	13,50	0
251515,6	13,50	0
251531,2	12,75	0
251546,9	12,75	0
251562,5	12,75	0
251578,1	12,75	0
251593,8	12,75	0
251609,4	12,75	0
251625,0	12,00	0
251640,6	12,00	0
251656,2	12,00	0
251671,9	12,00	0
251687,5	12,00	0
251703,1	12,00	0
251718,8	12,00	0
251734,4	11,25	0
251750,0	11,25	0
251765,6	11,25	0
251781,2	11,25	0
251796,9	11,25	0
251812,5	10,50	0
251828,1	10,50	0
251843,8	10,50	0
251859,4	10,50	0
251875,0	10,50	0
251890,6	9,75	0
251906,2	9,75	0
251921,9	9,75	0
251937,5	9,75	0
251953,1	9,75	0
251968,8	9,00	0
251984,4	9,00	0
252000,0	9,00	0
252015,6	9,00	0
252031,2	9,00	0
252046,9	8,25	0
252062,5	8,25	0
252078,1	8,25	0
252093,8	8,25	0
252109,4	8,25	0
252125,0	7,50	0
252140,6	7,50	0
252156,2	7,50	0
252171,9	7,50	0
252187,5	7,50	0
252203,1	6,75	0
252218,8	6,75	0
252234,4	6,75	0
252250,0	6,75	0
252265,6	6,75	0
252281,2	6,00	0
252296,9	6,00	0
252312,5	6,00	0
252328,1	6,00	0
252343,8	6,00	0
252359,4	5,25	0
252375,0	5,25	0
252390,6	5,25	0
252406,2	5,25	0
252421,9	4,50	0
252437,5	4,50	0
252453,1	4,50	0
252468,8	4,50	0
252484,4	4,50	0
252500,0	3,75	0
252515,6	3,75	0
252531,2	3,75	0
252546,9	3,75	0
252562,5	3,00	0
252578,1	3,00	0
252593,8	3,00	0
252609,4	3,00	0
252625,0	3,00	0
252640,6	2,25	0
252656,2	2,25	0
252671,9	2,25	0
252687,5	2,25	0
252703,1	2,25	0
252718,8	1,50	0
252734,4	1,50	0
252750,0	1,50	0
252765,6	1,50	0
252781,2	0,75	0
252796,9	0,75	0
252812,5	0,75	0
252828,1	0,00	0
252843,8	0,00	0
252859,4	-0,75	0
252875,0	-0,75	0
252890,6	-0,75	0
252906,2	-0,75	0
252921,9	-0,75	0
252937,5	-1,50	0
252953,1	-1,50	0
252968,8	-1,50	0
252984,4	-1,50	0
253000,0	-1,50	0
253015,6	-2,25	0
253031,2	-2,25	0
253046,9	-2,25	0
253062,5	-2,25	0
253078,1	-2,25	0
253093,8	-3,00	0
253109,4	-3,00	0
253125,0	-3,00	0
253140,6	-3,00	0
253156,2	-3,00	0
253171,9	-3,00	0
253187,5	-3,75	0
253203,1	-3,75	0
253218,8	-3,75	0
253234,4	-3,75	0
253250,0	-3,75	0
253265,6	-4,50	0
253281,2	-4,50	0
253296,9	-4,50	0
253312,5	-4,50	0
253328,1	-4,50	0
253343,8	-4,50	0
253359,4	-4,50	0
253375,0	-5,25	0
253390,6	-5,25	0
253406,2	-5,25	0
253421,9	-5,25	0
253437,5	-5,25	0
253453,1	-5,25	0
253468,8	-6,00	0
253484,4	-6,00	0
253500,0	-6,00	0
253515,6	-6,00	0
253531,2	-6,00	0
253546,9	-6,00	0
253562,5	-6,00	0
253578,1	-6,75	0
253593,8	-6,75	0
253609,4	-6,75	0
253625,0	-6,75	0
253640,6	-6,75	0
253656,2	-6,75	0
253671,9	-6,75	0
253687,5	-6,75	0
