3484.4	3.00	0
3500.0	6.00	0
3515.6	9.00	0
3531.2	12.00	0
3546.9	14.25	0
3562.5	17.25	0
3578.1	20.25	0
3593.8	23.25	0
3609.4	25.50	0
3625.0	28.50	0
3640.6	30.75	0
3656.2	33.75	0
3671.9	36.75	0
3687.5	39.00	0
3703.1	42.00	0
3718.8	44.25	0
3734.4	46.50	0
3750.0	48.75	0
3765.6	51.00	0
3781.2	53.25	0
3796.9	55.50	0
3812.5	57.75	0
3828.1	60.00	0
3843.8	61.50	0
3859.4	63.75	0
3875.0	65.25	0
3890.6	67.50	0
3906.2	69.00	0
3921.9	70.50	0
3937.5	72.00	0
3953.1	73.50	0
3968.8	75.00	0
3984.4	76.50	0
4000.0	77.25	0
4015.6	78.75	0
4031.2	79.50	0
4046.9	81.00	0
4062.5	81.75	0
4078.1	82.50	0
4093.8	83.25	0
4109.4	84.00	0
4125.0	84.00	0
4140.6	84.75	0
4156.2	85.50	0
4171.9	85.50	0
4187.5	85.50	0
4203.1	85.50	0
4218.8	86.25	0
4234.4	86.25	0
4250.0	86.25	0
4265.6	86.25	0
4281.2	85.50	0
4296.9	85.50	0
4312.5	84.75	0
4328.1	84.00	0
4343.8	83.25	0
4359.4	83.25	0
4375.0	81.75	0
4390.6	81.00	0
4406.2	80.25	0
4421.9	79.50	0
4437.5	78.00	0
4453.1	77.25	0
4468.8	75.75	0
4484.4	74.25	0
4500.0	72.75	0
4515.6	72.00	0
4531.2	70.50	0
4546.9	68.25	0
4562.5	66.75	0
4578.1	65.25	0
4593.8	63.75	0
4609.4	61.50	0
4625.0	60.00	0
4640.6	57.75	0
4656.2	55.50	0
4671.9	54.00	0
4687.5	51.75	0
4703.1	49.50	0
4718.8	47.25	0
4734.4	45.00	0
4750.0	42.75	0
4765.6	40.50	0
4781.2	38.25	0
4796.9	36.00	0
4812.5	33.75	0
4828.1	31.50	0
4843.8	29.25	0
4859.4	26.25	0
4875.0	24.00	0
4890.6	21.75	0
4906.2	18.75	0
4921.9	16.50	0
4937.5	14.25	0
4953.1	12.00	0
4968.8	9.00	0
4984.4	6.75	0
5000.0	4.50	0
5015.6	2.25	0
5031.2	-0.75	0
5046.9	-3.00	0
5062.5	-5.25	0
5078.1	-8.25	0
5093.8	-10.50	0
5109.4	-12.75	0
5125.0	-15.00	0
5140.6	-17.25	0
5156.2	-19.50	0
5171.9	-21.75	0
5187.5	-24.00	0
5203.1	-26.25	0
5218.8	-28.50	0
5234.4	-30.75	0
5250.0	-33.00	0
5265.6	-34.50	0
5281.2	-36.75	0
5296.9	-38.25	0
5312.5	-40.50	0
5328.1	-42.00	0
5343.8	-44.25	0
5359.4	-45.75	0
5375.0	-47.25	0
5390.6	-49.50	0
5406.2	-51.00	0
5421.9	-52.50	0
5437.5	-54.00	0
5453.1	-54.75	0
5468.8	-56.25	0
5484.4	-57.75	0
5500.0	-59.25	0
5515.6	-60.00	0
5531.2	-61.50	0
5546.9	-62.25	0
5562.5	-63.00	0
5578.1	-64.50	0
5593.8	-65.25	0
5609.4	-66.00	0
5625.0	-66.75	0
5640.6	-67.50	0
5656.2	-67.50	0
5671.9	-68.25	0
5687.5	-69.00	0
5703.1	-69.00	0
5718.8	-69.00	0
5734.4	-69.75	0
5750.0	-69.75	0
5765.6	-69.75	0
5781.2	-69.75	0
5796.9	-69.75	0
5812.5	-69.75	0
5828.1	-69.00	0
5843.8	-69.00	0
5859.4	-69.00	0
5875.0	-68.25	0
5890.6	-68.25	0
5906.2	-67.50	0
5921.9	-66.75	0
5937.5	-66.00	0
5953.1	-65.25	0
5968.8	-64.50	0
5984.4	-63.75	0
6000.0	-63.00	0
6015.6	-62.25	0
6031.2	-61.50	0
6046.9	-60.00	0
6062.5	-59.25	0
6078.1	-57.75	0
6093.8	-57.00	0
6109.4	-55.50	0
6125.0	-54.00	0
6140.6	-52.50	0
6156.2	-51.75	0
6171.9	-50.25	0
6187.5	-48.00	0
6203.1	-46.50	0
6218.8	-45.00	0
6234.4	-43.50	0
6250.0	-42.00	0
6265.6	-40.50	0
6281.2	-38.25	0
6296.9	-36.75	0
6312.5	-35.25	0
6328.1	-33.00	0
6343.8	-31.50	0
6359.4	-29.25	0
6375.0	-27.75	0
6390.6	-25.50	0
6406.2	-24.00	0
6421.9	-21.75	0
6437.5	-19.50	0
6453.1	-17.25	0
6468.8	-15.75	0
6484.4	-13.50	0
6500.0	-12.00	0
6515.6	-9.75	0
6531.2	-7.50	0
6546.9	-6.00	0
6562.5	-3.75	0
6578.1	-1.50	0
6593.8	0.75	0
6609.4	2.25	0
6625.0	4.50	0
6640.6	6.75	0
6656.2	8.25	0
6671.9	10.50	0
6687.5	12.75	0
6703.1	14.25	0
6718.8	16.50	0
6734.4	18.00	0
6750.0	20.25	0
6765.6	21.75	0
6781.2	24.00	0
6796.9	25.50	0
6812.5	27.00	0
6828.1	28.50	0
6843.8	30.75	0
6859.4	32.25	0
6875.0	33.75	0
6890.6	35.25	0
6906.2	36.75	0
6921.9	38.25	0
6937.5	39.75	0
6953.1	41.25	0
6968.8	42.00	0
6984.4	43.50	0
7000.0	45.00	0
7015.6	46.50	0
7031.2	47.25	0
7046.9	48.00	0
7062.5	49.50	0
7078.1	50.25	0
7093.8	51.00	0
7109.4	52.50	0
7125.0	53.25	0
7140.6	54.00	0
7156.2	54.75	0
7171.9	55.50	0
7187.5	55.50	0
7203.1	56.25	0
7218.8	57.00	0
7234.4	57.00	0
7250.0	57.75	0
7265.6	57.75	0
7281.2	57.75	0
7296.9	58.50	0
7312.5	58.50	0
7328.1	58.50	0
7343.8	58.50	0
7359.4	58.50	0
7375.0	58.50	0
7390.6	58.50	0
7406.2	58.50	0
7421.9	57.75	0
7437.5	57.75	0
7453.1	57.00	0
7468.8	57.00	0
7484.4	56.25	0
7500.0	55.50	0
7515.6	54.75	0
7531.2	54.00	0
7546.9	54.00	0
7562.5	52.50	0
7578.1	51.75	0
7593.8	51.00	0
7609.4	50.25	0
7625.0	49.50	0
7640.6	48.00	0
7656.2	47.25	0
7671.9	45.75	0
7687.5	45.00	0
7703.1	43.50	0
7718.8	42.75	0
7734.4	41.25	0
7750.0	39.75	0
7765.6	39.00	0
7781.2	37.50	0
7796.9	36.00	0
7812.5	34.50	0
7828.1	33.00	0
7843.8	31.50	0
7859.4	30.00	0
7875.0	28.50	0
7890.6	27.00	0
7906.2	25.50	0
7921.9	24.00	0
7937.5	22.50	0
7953.1	21.00	0
7968.8	18.75	0
7984.4	17.25	0
8000.0	15.75	0
8015.6	14.25	0
8031.2	12.75	0
8046.9	11.25	0
8062.5	9.00	0
8078.1	7.50	0
8093.8	6.00	0
8109.4	4.50	0
8125.0	3.00	0
8140.6	0.75	0
8156.2	-1.50	0
8171.9	-3.00	0
8187.5	-4.50	0
8203.1	-6.00	0
8218.8	-7.50	0
8234.4	-9.00	0
8250.0	-10.50	0
8265.6	-12.00	0
8281.2	-13.50	0
8296.9	-15.00	0
8312.5	-16.50	0
8328.1	-18.00	0
8343.8	-19.50	0
8359.4	-21.00	0
8375.0	-21.75	0
8390.6	-23.25	0
8406.2	-24.75	0
8421.9	-25.50	0
8437.5	-27.00	0
8453.1	-28.50	0
8468.8	-29.25	0
8484.4	-30.75	0
8500.0	-31.50	0
8515.6	-32.25	0
8531.2	-33.75	0
8546.9	-34.50	0
8562.5	-35.25	0
8578.1	-36.00	0
8593.8	-36.75	0
8609.4	-38.25	0
8625.0	-39.00	0
8640.6	-39.75	0
8656.2	-39.75	0
8671.9	-40.50	0
8687.5	-41.25	0
8703.1	-42.00	0
8718.8	-42.00	0
8734.4	-42.75	0
8750.0	-42.75	0
8765.6	-43.50	0
8781.2	-43.50	0
8796.9	-43.50	0
8812.5	-44.25	0
8828.1	-44.25	0
8843.8	-44.25	0
8859.4	-44.25	0
8875.0	-44.25	0
8890.6	-44.25	0
8906.2	-44.25	0
8921.9	-43.50	0
8937.5	-43.50	0
8953.1	-43.50	0
8968.8	-43.50	0
8984.4	-42.75	0
9000.0	-42.75	0
9015.6	-42.00	0
9031.2	-42.00	0
9046.9	-41.25	0
9062.5	-40.50	0
9078.1	-40.50	0
9093.8	-39.75	0
9109.4	-39.00	0
9125.0	-38.25	0
9140.6	-37.50	0
9156.2	-36.75	0
9171.9	-36.00	0
9187.5	-35.25	0
9203.1	-34.50	0
9218.8	-33.00	0
9234.4	-32.25	0
9250.0	-31.50	0
9265.6	-30.75	0
9281.2	-29.25	0
9296.9	-28.50	0
9312.5	-27.00	0
9328.1	-26.25	0
9343.8	-25.50	0
9359.4	-24.00	0
9375.0	-22.50	0
9390.6	-21.75	0
9406.2	-20.25	0
9421.9	-19.50	0
9437.5	-18.00	0
9453.1	-16.50	0
9468.8	-15.00	0
9484.4	-14.25	0
9500.0	-12.75	0
9515.6	-11.25	0
9531.2	-10.50	0
9546.9	-9.00	0
9562.5	-7.50	0
9578.1	-6.00	0
9593.8	-4.50	0
9609.4	-3.00	0
9625.0	-2.25	0
9640.6	-0.75	0
9656.2	0.75	0
9671.9	2.25	0
9687.5	3.00	0
9703.1	4.50	0
9718.8	6.00	0
9734.4	7.50	0
9750.0	8.25	0
9765.6	9.75	0
9781.2	11.25	0
9796.9	12.00	0
9812.5	13.50	0
9828.1	15.00	0
9843.8	15.75	0
9859.4	17.25	0
9875.0	18.00	0
9890.6	19.50	0
9906.2	21.00	0
9921.9	21.75	0
9937.5	22.50	0
9953.1	24.00	0
9968.8	24.75	0
9984.4	25.50	0
10000.0	27.00	0
10015.6	27.75	0
10031.2	28.50	0
10046.9	29.25	0
10062.5	30.00	0
10078.1	30.75	0
10093.8	31.50	0
10109.4	32.25	0
10125.0	33.00	0
10140.6	33.75	0
10156.2	34.50	0
10171.9	35.25	0
10187.5	36.00	0
10203.1	36.00	0
10218.8	36.75	0
10234.4	36.75	0
10250.0	37.50	0
10265.6	37.50	0
10281.2	38.25	0
10296.9	38.25	0
10312.5	38.25	0
10328.1	39.00	0
10343.8	39.00	0
10359.4	39.00	0
10375.0	39.00	0
10390.6	39.00	0
10406.2	39.00	0
10421.9	39.00	0
10437.5	38.25	0
10453.1	38.25	0
10468.8	38.25	0
10484.4	38.25	0
10500.0	37.50	0
10515.6	37.50	0
10531.2	37.50	0
10546.9	36.75	0
10562.5	36.75	0
10578.1	36.00	0
10593.8	35.25	0
10609.4	35.25	0
10625.0	34.50	0
10640.6	33.75	0
10656.2	33.00	0
10671.9	33.00	0
10687.5	32.25	0
10703.1	31.50	0
10718.8	30.75	0
10734.4	30.00	0
10750.0	29.25	0
10765.6	28.50	0
10781.2	27.75	0
10796.9	27.00	0
10812.5	25.50	0
10828.1	24.75	0
10843.8	24.00	0
10859.4	23.25	0
10875.0	21.75	0
10890.6	21.00	0
10906.2	20.25	0
10921.9	18.75	0
10937.5	18.00	0
10953.1	17.25	0
10968.8	15.75	0
10984.4	15.00	0
11000.0	14.25	0
11015.6	12.75	0
11031.2	12.00	0
11046.9	10.50	0
11062.5	9.75	0
11078.1	8.25	0
11093.8	7.50	0
11109.4	6.00	0
11125.0	5.25	0
11140.6	3.75	0
11156.2	3.00	0
11171.9	1.50	0
11187.5	0.75	0
11203.1	-0.75	0
11218.8	-1.50	0
11234.4	-2.25	0
11250.0	-3.75	0
11265.6	-4.50	0
11281.2	-6.00	0
11296.9	-6.75	0
11312.5	-7.50	0
11328.1	-9.00	0
11343.8	-9.75	0
11359.4	-10.50	0
11375.0	-12.00	0
11390.6	-12.75	0
11406.2	-13.50	0
11421.9	-14.25	0
11437.5	-15.00	0
11453.1	-15.75	0
11468.8	-17.25	0
11484.4	-18.00	0
11500.0	-18.75	0
11515.6	-19.50	0
11531.2	-20.25	0
11546.9	-21.00	0
11562.5	-21.75	0
11578.1	-21.75	0
11593.8	-22.50	0
11609.4	-23.25	0
11625.0	-24.00	0
11640.6	-24.00	0
11656.2	-24.75	0
11671.9	-25.50	0
11687.5	-25.50	0
11703.1	-26.25	0
11718.8	-26.25	0
11734.4	-27.00	0
11750.0	-27.00	0
11765.6	-27.75	0
11781.2	-27.75	0
11796.9	-27.75	0
11812.5	-28.50	0
11828.1	-28.50	0
11843.8	-28.50	0
11859.4	-28.50	0
11875.0	-28.50	0
11890.6	-28.50	0
11906.2	-28.50	0
11921.9	-28.50	0
11937.5	-28.50	0
11953.1	-27.75	0
11968.8	-27.75	0
11984.4	-27.75	0
12000.0	-27.75	0
12015.6	-27.00	0
12031.2	-27.00	0
12046.9	-27.00	0
12062.5	-26.25	0
12078.1	-26.25	0
12093.8	-25.50	0
12109.4	-25.50	0
12125.0	-24.75	0
12140.6	-24.75	0
12156.2	-24.00	0
12171.9	-23.25	0
12187.5	-23.25	0
12203.1	-22.50	0
12218.8	-21.75	0
12234.4	-21.00	0
12250.0	-21.00	0
12265.6	-20.25	0
12281.2	-19.50	0
12296.9	-18.75	0
12312.5	-18.00	0
12328.1	-17.25	0
12343.8	-16.50	0
12359.4	-15.75	0
12375.0	-15.00	0
12390.6	-14.25	0
12406.2	-13.50	0
12421.9	-12.75	0
12437.5	-12.00	0
12453.1	-11.25	0
12468.8	-9.75	0
12484.4	-9.00	0
12500.0	-8.25	0
12515.6	-7.50	0
12531.2	-6.75	0
12546.9	-5.25	0
12562.5	-4.50	0
12578.1	-3.75	0
12593.8	-3.00	0
12609.4	-2.25	0
12625.0	-0.75	0
12640.6	0.00	0
12656.2	0.75	0
12671.9	1.50	0
12687.5	2.25	0
12703.1	3.75	0
12718.8	4.50	0
12734.4	5.25	0
12750.0	6.00	0
12765.6	6.75	0
12781.2	8.25	0
12796.9	9.00	0
12812.5	9.75	0
12828.1	10.50	0
12843.8	11.25	0
12859.4	12.00	0
12875.0	12.75	0
12890.6	13.50	0
12906.2	14.25	0
12921.9	15.00	0
12937.5	15.75	0
12953.1	16.50	0
12968.8	17.25	0
12984.4	18.00	0
13000.0	18.75	0
13015.6	19.50	0
13031.2	20.25	0
13046.9	21.00	0
13062.5	21.00	0
13078.1	21.75	0
13093.8	22.50	0
13109.4	23.25	0
13125.0	23.25	0
13140.6	24.00	0
13156.2	24.00	0
13171.9	24.75	0
13187.5	24.75	0
13203.1	25.50	0
13218.8	25.50	0
13234.4	26.25	0
13250.0	26.25	0
13265.6	27.00	0
13281.2	27.00	0
13296.9	27.00	0
13312.5	27.00	0
13328.1	27.75	0
13343.8	27.75	0
13359.4	27.75	0
13375.0	27.75	0
13390.6	27.75	0
13406.2	27.75	0
13421.9	27.75	0
13437.5	27.75	0
13453.1	27.75	0
13468.8	27.75	0
13484.4	27.75	0
13500.0	27.75	0
13515.6	27.00	0
13531.2	27.00	0
13546.9	27.00	0
13562.5	26.25	0
13578.1	26.25	0
13593.8	26.25	0
13609.4	25.50	0
13625.0	25.50	0
13640.6	24.75	0
13656.2	24.75	0
13671.9	24.00	0
13687.5	23.25	0
13703.1	23.25	0
13718.8	22.50	0
13734.4	21.75	0
13750.0	21.75	0
13765.6	21.00	0
13781.2	20.25	0
13796.9	19.50	0
13812.5	19.50	0
13828.1	18.75	0
13843.8	18.00	0
13859.4	17.25	0
13875.0	16.50	0
13890.6	15.75	0
13906.2	15.00	0
13921.9	14.25	0
13937.5	13.50	0
13953.1	12.75	0
13968.8	12.00	0
13984.4	11.25	0
14000.0	10.50	0
14015.6	9.75	0
14031.2	9.00	0
14046.9	8.25	0
14062.5	7.50	0
14078.1	6.75	0
14093.8	6.00	0
14109.4	5.25	0
14125.0	4.50	0
14140.6	3.75	0
14156.2	3.00	0
14171.9	2.25	0
14187.5	1.50	0
14203.1	0.00	0
14218.8	-0.75	0
14234.4	-1.50	0
14250.0	-2.25	0
14265.6	-3.00	0
14281.2	-3.75	0
14296.9	-4.50	0
14312.5	-5.25	0
14328.1	-6.00	0
14343.8	-6.75	0
14359.4	-7.50	0
14375.0	-8.25	0
14390.6	-9.00	0
14406.2	-9.75	0
14421.9	-9.75	0
14437.5	-10.50	0
14453.1	-11.25	0
14468.8	-12.00	0
14484.4	-12.75	0
14500.0	-12.75	0
14515.6	-13.50	0
14531.2	-14.25	0
14546.9	-15.00	0
14562.5	-15.00	0
14578.1	-15.75	0
14593.8	-15.75	0
14609.4	-16.50	0
14625.0	-17.25	0
14640.6	-17.25	0
14656.2	-17.25	0
14671.9	-18.00	0
14687.5	-18.00	0
14703.1	-18.75	0
14718.8	-18.75	0
14734.4	-19.50	0
14750.0	-19.50	0
14765.6	-19.50	0
14781.2	-19.50	0
14796.9	-20.25	0
14812.5	-20.25	0
14828.1	-20.25	0
14843.8	-20.25	0
14859.4	-20.25	0
14875.0	-20.25	0
14890.6	-20.25	0
14906.2	-20.25	0
14921.9	-20.25	0
14937.5	-20.25	0
14953.1	-19.50	0
14968.8	-19.50	0
14984.4	-19.50	0
15000.0	-19.50	0
15015.6	-19.50	0
15031.2	-19.50	0
15046.9	-18.75	0
15062.5	-18.75	0
15078.1	-18.75	0
15093.8	-18.00	0
15109.4	-18.00	0
15125.0	-17.25	0
15140.6	-17.25	0
15156.2	-17.25	0
15171.9	-16.50	0
15187.5	-16.50	0
15203.1	-15.75	0
15218.8	-15.00	0
15234.4	-15.00	0
15250.0	-14.25	0
15265.6	-14.25	0
15281.2	-13.50	0
15296.9	-12.75	0
15312.5	-12.75	0
15328.1	-12.00	0
15343.8	-11.25	0
15359.4	-10.50	0
15375.0	-10.50	0
15390.6	-9.75	0
15406.2	-9.00	0
15421.9	-8.25	0
15437.5	-7.50	0
15453.1	-7.50	0
15468.8	-6.75	0
15484.4	-6.00	0
15500.0	-5.25	0
15515.6	-4.50	0
15531.2	-3.75	0
15546.9	-3.00	0
15562.5	-3.00	0
15578.1	-2.25	0
15593.8	-1.50	0
15609.4	-0.75	0
15625.0	0.00	0
15640.6	0.75	0
15656.2	1.50	0
15671.9	2.25	0
15687.5	3.00	0
15703.1	3.00	0
15718.8	3.75	0
15734.4	4.50	0
15750.0	5.25	0
15765.6	6.00	0
15781.2	6.75	0
15796.9	7.50	0
15812.5	7.50	0
15828.1	8.25	0
15843.8	9.00	0
15859.4	9.75	0
15875.0	10.50	0
15890.6	10.50	0
15906.2	11.25	0
15921.9	12.00	0
15937.5	12.75	0
15953.1	12.75	0
15968.8	13.50	0
15984.4	14.25	0
16000.0	14.25	0
16015.6	15.00	0
16031.2	15.75	0
16046.9	15.75	0
16062.5	16.50	0
16078.1	16.50	0
16093.8	17.25	0
16109.4	17.25	0
16125.0	18.00	0
16140.6	18.00	0
16156.2	18.75	0
16171.9	18.75	0
16187.5	18.75	0
16203.1	19.50	0
16218.8	19.50	0
16234.4	19.50	0
16250.0	20.25	0
16265.6	20.25	0
16281.2	20.25	0
16296.9	20.25	0
16312.5	20.25	0
16328.1	20.25	0
16343.8	21.00	0
16359.4	21.00	0
16375.0	21.00	0
16390.6	21.00	0
16406.2	21.00	0
16421.9	21.00	0
16437.5	21.00	0
16453.1	21.00	0
16468.8	21.00	0
16484.4	21.00	0
16500.0	21.00	0
16515.6	20.25	0
16531.2	20.25	0
16546.9	20.25	0
16562.5	20.25	0
16578.1	19.50	0
16593.8	19.50	0
16609.4	19.50	0
16625.0	18.75	0
16640.6	18.75	0
16656.2	18.75	0
16671.9	18.00	0
16687.5	18.00	0
16703.1	17.25	0
16718.8	17.25	0
16734.4	16.50	0
16750.0	16.50	0
16765.6	15.75	0
16781.2	15.75	0
16796.9	15.00	0
16812.5	14.25	0
16828.1	14.25	0
16843.8	13.50	0
16859.4	12.75	0
16875.0	12.75	0
16890.6	12.00	0
16906.2	11.25	0
16921.9	11.25	0
16937.5	10.50	0
16953.1	9.75	0
16968.8	9.75	0
16984.4	9.00	0
17000.0	8.25	0
17015.6	7.50	0
17031.2	7.50	0
17046.9	6.75	0
17062.5	6.00	0
17078.1	5.25	0
17093.8	5.25	0
17109.4	4.50	0
17125.0	3.75	0
17140.6	3.00	0
17156.2	3.00	0
17171.9	2.25	0
17187.5	1.50	0
17203.1	0.75	0
17234.4	-0.75	0
17250.0	-1.50	0
17265.6	-2.25	0
17281.2	-2.25	0
17296.9	-3.00	0
17312.5	-3.75	0
17328.1	-4.50	0
17343.8	-4.50	0
17359.4	-5.25	0
17375.0	-5.25	0
17390.6	-6.00	0
17406.2	-6.75	0
17421.9	-6.75	0
17437.5	-7.50	0
17453.1	-8.25	0
17468.8	-8.25	0
17484.4	-9.00	0
17500.0	-9.00	0
17515.6	-9.75	0
17531.2	-9.75	0
17546.9	-10.50	0
17562.5	-10.50	0
17578.1	-11.25	0
17593.8	-11.25	0
17609.4	-12.00	0
17625.0	-12.00	0
17640.6	-12.00	0
17656.2	-12.75	0
17671.9	-12.75	0
17687.5	-12.75	0
17703.1	-13.50	0
17718.8	-13.50	0
17734.4	-13.50	0
17750.0	-13.50	0
17765.6	-13.50	0
17781.2	-14.25	0
17796.9	-14.25	0
17812.5	-14.25	0
17828.1	-14.25	0
17843.8	-14.25	0
17859.4	-14.25	0
17875.0	-14.25	0
17890.6	-14.25	0
17906.2	-14.25	0
17921.9	-14.25	0
17937.5	-14.25	0
17953.1	-13.50	0
17968.8	-13.50	0
17984.4	-13.50	0
18000.0	-13.50	0
18015.6	-13.50	0
18031.2	-13.50	0
18046.9	-12.75	0
18062.5	-12.75	0
18078.1	-12.75	0
18093.8	-12.75	0
18109.4	-12.00	0
18125.0	-12.00	0
18140.6	-12.00	0
18156.2	-11.25	0
18171.9	-11.25	0
18187.5	-11.25	0
18203.1	-10.50	0
18218.8	-10.50	0
18234.4	-9.75	0
18250.0	-9.75	0
18265.6	-9.00	0
18281.2	-9.00	0
18296.9	-8.25	0
18312.5	-8.25	0
18328.1	-7.50	0
18343.8	-7.50	0
18359.4	-6.75	0
18375.0	-6.75	0
18390.6	-6.00	0
18406.2	-6.00	0
18421.9	-5.25	0
18437.5	-4.50	0
18453.1	-4.50	0
18468.8	-3.75	0
18484.4	-3.75	0
18500.0	-3.00	0
18515.6	-2.25	0
18531.2	-2.25	0
18546.9	-1.50	0
18562.5	-0.75	0
18578.1	-0.75	0
18593.8	0.00	0
18609.4	0.75	0
18625.0	0.75	0
18640.6	1.50	0
18656.2	2.25	0
18671.9	2.25	0
18687.5	3.00	0
18703.1	3.00	0
18718.8	3.75	0
18734.4	4.50	0
18750.0	4.50	0
18765.6	5.25	0
18781.2	6.00	0
18796.9	6.00	0
18812.5	6.75	0
18828.1	6.75	0
18843.8	7.50	0
18859.4	8.25	0
18875.0	8.25	0
18890.6	9.00	0
18906.2	9.00	0
18921.9	9.75	0
18937.5	9.75	0
18953.1	10.50	0
18968.8	10.50	0
18984.4	11.25	0
19000.0	11.25	0
19015.6	12.00	0
19031.2	12.00	0
19046.9	12.00	0
19062.5	12.75	0
19078.1	12.75	0
19093.8	13.50	0
19109.4	13.50	0
19125.0	13.50	0
19140.6	14.25	0
19156.2	14.25	0
19171.9	14.25	0
19187.5	14.25	0
19203.1	15.00	0
19218.8	15.00	0
19234.4	15.00	0
19250.0	15.00	0
19265.6	15.00	0
19281.2	15.75	0
19296.9	15.75	0
19312.5	15.75	0
19328.1	15.75	0
19343.8	15.75	0
19359.4	15.75	0
19375.0	15.75	0
19390.6	15.75	0
19406.2	15.75	0
19421.9	15.75	0
19437.5	15.75	0
19453.1	15.75	0
19468.8	15.75	0
19484.4	15.75	0
19500.0	15.75	0
19515.6	15.75	0
19531.2	15.75	0
19546.9	15.00	0
19562.5	15.00	0
19578.1	15.00	0
19593.8	15.00	0
19609.4	15.00	0
19625.0	14.25	0
19640.6	14.25	0
19656.2	14.25	0
19671.9	13.50	0
19687.5	13.50	0
19703.1	13.50	0
19718.8	12.75	0
19734.4	12.75	0
19750.0	12.00	0
19765.6	12.00	0
19781.2	12.00	0
19796.9	11.25	0
19812.5	11.25	0
19828.1	10.50	0
19843.8	10.50	0
19859.4	9.75	0
19875.0	9.75	0
19890.6	9.00	0
19906.2	9.00	0
19921.9	8.25	0
19937.5	8.25	0
19953.1	7.50	0
19968.8	7.50	0
19984.4	6.75	0
20000.0	6.75	0
20015.6	6.00	0
20031.2	6.00	0
20046.9	5.25	0
20062.5	5.25	0
20078.1	4.50	0
20093.8	3.75	0
20109.4	3.75	0
20125.0	3.00	0
20140.6	3.00	0
20156.2	2.25	0
20171.9	2.25	0
20187.5	1.50	0
20203.1	1.50	0
20218.8	0.75	0
20234.4	-0.75	0
20250.0	-0.75	0
20265.6	-1.50	0
20281.2	-1.50	0
20296.9	-2.25	0
20312.5	-2.25	0
20328.1	-3.00	0
20343.8	-3.00	0
20359.4	-3.75	0
20375.0	-3.75	0
20390.6	-4.50	0
20406.2	-4.50	0
20421.9	-4.50	0
20437.5	-5.25	0
20453.1	-5.25	0
20468.8	-6.00	0
20484.4	-6.00	0
20500.0	-6.00	0
20515.6	-6.75	0
20531.2	-6.75	0
20546.9	-7.50	0
20562.5	-7.50	0
20578.1	-7.50	0
20593.8	-8.25	0
20609.4	-8.25	0
20625.0	-8.25	0
20640.6	-8.25	0
20656.2	-9.00	0
20671.9	-9.00	0
20687.5	-9.00	0
20703.1	-9.00	0
20718.8	-9.00	0
20734.4	-9.75	0
20750.0	-9.75	0
20765.6	-9.75	0
20781.2	-9.75	0
20796.9	-9.75	0
20812.5	-9.75	0
20828.1	-9.75	0
20843.8	-9.75	0
20859.4	-9.75	0
20875.0	-9.75	0
20890.6	-9.75	0
20906.2	-9.75	0
20921.9	-9.75	0
20937.5	-9.75	0
20953.1	-9.75	0
20968.8	-9.75	0
20984.4	-9.00	0
21000.0	-9.00	0
21015.6	-9.00	0
21031.2	-9.00	0
21046.9	-9.00	0
21062.5	-9.00	0
21078.1	-8.25	0
21093.8	-8.25	0
21109.4	-8.25	0
21125.0	-8.25	0
21140.6	-8.25	0
21156.2	-7.50	0
21171.9	-7.50	0
21187.5	-7.50	0
21203.1	-6.75	0
21218.8	-6.75	0
21234.4	-6.75	0
21250.0	-6.00	0
21265.6	-6.00	0
21281.2	-6.00	0
21296.9	-5.25	0
21312.5	-5.25	0
21328.1	-5.25	0
21343.8	-4.50	0
21359.4	-4.50	0
21375.0	-3.75	0
21390.6	-3.75	0
21406.2	-3.75	0
21421.9	-3.00	0
21437.5	-3.00	0
21453.1	-2.25	0
21468.8	-2.25	0
21484.4	-1.50	0
21500.0	-1.50	0
21515.6	-0.75	0
21531.2	-0.75	0
21546.9	0.00	0
21562.5	0.00	0
21578.1	0.75	0
21593.8	0.75	0
21609.4	0.75	0
21625.0	1.50	0
21640.6	1.50	0
21656.2	2.25	0
21671.9	2.25	0
21687.5	3.00	0
21703.1	3.00	0
21718.8	3.75	0
21734.4	3.75	0
21750.0	4.50	0
21765.6	4.50	0
21781.2	5.25	0
21796.9	5.25	0
21812.5	5.25	0
21828.1	6.00	0
21843.8	6.00	0
21859.4	6.75	0
21875.0	6.75	0
21890.6	7.50	0
21906.2	7.50	0
21921.9	7.50	0
21937.5	8.25	0
21953.1	8.25	0
21968.8	8.25	0
21984.4	9.00	0
22000.0	9.00	0
22015.6	9.00	0
22031.2	9.75	0
22046.9	9.75	0
22062.5	9.75	0
22078.1	9.75	0
22093.8	10.50	0
22109.4	10.50	0
22125.0	10.50	0
22140.6	10.50	0
22156.2	11.25	0
22171.9	11.25	0
22187.5	11.25	0
22203.1	11.25	0
22218.8	11.25	0
22234.4	11.25	0
22250.0	12.00	0
22265.6	12.00	0
22281.2	12.00	0
22296.9	12.00	0
22312.5	12.00	0
22328.1	12.00	0
22343.8	12.00	0
22359.4	12.00	0
22375.0	12.00	0
22390.6	12.00	0
22406.2	12.00	0
22421.9	12.00	0
22437.5	11.25	0
22453.1	11.25	0
22468.8	11.25	0
22484.4	11.25	0
22500.0	11.25	0
22515.6	11.25	0
22531.2	11.25	0
22546.9	11.25	0
22562.5	11.25	0
22578.1	10.50	0
22593.8	10.50	0
22609.4	10.50	0
22625.0	10.50	0
22640.6	10.50	0
22656.2	9.75	0
22671.9	9.75	0
22687.5	9.75	0
22703.1	9.75	0
22718.8	9.00	0
22734.4	9.00	0
22750.0	9.00	0
22765.6	8.25	0
22781.2	8.25	0
22796.9	8.25	0
22812.5	7.50	0
22828.1	7.50	0
22843.8	7.50	0
22859.4	6.75	0
22875.0	6.75	0
22890.6	6.75	0
22906.2	6.00	0
22921.9	6.00	0
22937.5	6.00	0
22953.1	5.25	0
22968.8	5.25	0
22984.4	4.50	0
23000.0	4.50	0
23015.6	4.50	0
23031.2	3.75	0
23046.9	3.75	0
23062.5	3.00	0
23078.1	3.00	0
23093.8	3.00	0
23109.4	2.25	0
23125.0	2.25	0
23140.6	1.50	0
23156.2	1.50	0
23171.9	1.50	0
23187.5	0.75	0
23203.1	0.75	0
23218.8	0.00	0
23234.4	0.00	0
23250.0	0.00	0
23265.6	-0.75	0
23281.2	-0.75	0
23296.9	-0.75	0
23312.5	-1.50	0
23328.1	-1.50	0
23343.8	-2.25	0
23359.4	-2.25	0
23375.0	-2.25	0
23390.6	-3.00	0
23406.2	-3.00	0
23421.9	-3.00	0
23437.5	-3.00	0
23453.1	-3.75	0
23468.8	-3.75	0
23484.4	-3.75	0
23500.0	-4.50	0
23515.6	-4.50	0
23531.2	-4.50	0
23546.9	-4.50	0
23562.5	-5.25	0
23578.1	-5.25	0
23593.8	-5.25	0
23609.4	-5.25	0
23625.0	-5.25	0
23640.6	-6.00	0
23656.2	-6.00	0
23671.9	-6.00	0
23687.5	-6.00	0
23703.1	-6.00	0
23718.8	-6.00	0
23734.4	-6.75	0
23750.0	-6.75	0
23765.6	-6.75	0
23781.2	-6.75	0
23796.9	-6.75	0
23812.5	-6.75	0
23828.1	-6.75	0
23843.8	-6.75	0
23859.4	-6.75	0
23875.0	-6.75	0
23890.6	-6.75	0
23906.2	-6.75	0
23921.9	-6.75	0
23937.5	-6.75	0
23953.1	-6.75	0
23968.8	-6.75	0
23984.4	-6.75	0
24000.0	-6.75	0
24015.6	-6.75	0
24031.2	-6.75	0
24046.9	-6.75	0
24062.5	-6.75	0
24078.1	-6.00	0
24093.8	-6.00	0
24109.4	-6.00	0
24125.0	-6.00	0
24140.6	-6.00	0
24156.2	-6.00	0
24171.9	-5.25	0
24187.5	-5.25	0
24203.1	-5.25	0
24218.8	-5.25	0
24234.4	-4.50	0
24250.0	-4.50	0
24265.6	-4.50	0
24281.2	-4.50	0
24296.9	-3.75	0
24312.5	-3.75	0
24328.1	-3.75	0
24343.8	-3.75	0
24359.4	-3.00	0
24375.0	-3.00	0
24390.6	-3.00	0
24406.2	-2.25	0
24421.9	-2.25	0
24437.5	-2.25	0
24453.1	-1.50	0
24468.8	-1.50	0
24484.4	-1.50	0
24500.0	-0.75	0
24515.6	-0.75	0
24531.2	0.00	0
24546.9	0.75	0
24562.5	0.75	0
24578.1	0.75	0
24593.8	1.50	0
24609.4	1.50	0
24625.0	1.50	0
24640.6	2.25	0
24656.2	2.25	0
24671.9	2.25	0
24687.5	3.00	0
24703.1	3.00	0
24718.8	3.00	0
24734.4	3.75	0
24750.0	3.75	0
24765.6	3.75	0
24781.2	4.50	0
24796.9	4.50	0
24812.5	4.50	0
24828.1	5.25	0
24843.8	5.25	0
24859.4	5.25	0
24875.0	5.25	0
24890.6	6.00	0
24906.2	6.00	0
24921.9	6.00	0
24937.5	6.75	0
24953.1	6.75	0
24968.8	6.75	0
24984.4	6.75	0
25000.0	7.50	0
25015.6	7.50	0
25031.2	7.50	0
25046.9	7.50	0
25062.5	7.50	0
25078.1	8.25	0
25093.8	8.25	0
25109.4	8.25	0
25125.0	8.25	0
25140.6	8.25	0
25156.2	8.25	0
25171.9	9.00	0
25187.5	9.00	0
25203.1	9.00	0
25218.8	9.00	0
25234.4	9.00	0
25250.0	9.00	0
25265.6	9.00	0
25281.2	9.00	0
25296.9	9.00	0
25312.5	9.00	0
25328.1	9.00	0
25343.8	9.00	0
25359.4	9.00	0
25375.0	9.00	0
25390.6	9.00	0
25406.2	9.00	0
25421.9	9.00	0
25437.5	9.00	0
25453.1	9.00	0
25468.8	9.00	0
25484.4	9.00	0
25500.0	9.00	0
25515.6	8.25	0
25531.2	8.25	0
25546.9	8.25	0
25562.5	8.25	0
25578.1	8.25	0
25593.8	8.25	0
25609.4	8.25	0
25625.0	8.25	0
25640.6	7.50	0
25656.2	7.50	0
25671.9	7.50	0
25687.5	7.50	0
25703.1	7.50	0
25718.8	6.75	0
25734.4	6.75	0
25750.0	6.75	0
25765.6	6.75	0
25781.2	6.75	0
25796.9	6.00	0
25812.5	6.00	0
25828.1	6.00	0
25843.8	6.00	0
25859.4	5.25	0
25875.0	5.25	0
25890.6	5.25	0
25906.2	5.25	0
25921.9	4.50	0
25937.5	4.50	0
25953.1	4.50	0
25968.8	3.75	0
25984.4	3.75	0
26000.0	3.75	0
26015.6	3.75	0
26031.2	3.00	0
26046.9	3.00	0
26062.5	3.00	0
26078.1	2.25	0
26093.8	2.25	0
26109.4	2.25	0
26125.0	2.25	0
26140.6	1.50	0
26156.2	1.50	0
26171.9	1.50	0
26187.5	0.75	0
26203.1	0.75	0
26218.8	0.75	0
26234.4	0.75	0
26250.0	0.00	0
26265.6	0.00	0
26281.2	0.00	0
26296.9	-0.75	0
26312.5	-0.75	0
26328.1	-0.75	0
26343.8	-0.75	0
26359.4	-1.50	0
26375.0	-1.50	0
26390.6	-1.50	0
26406.2	-1.50	0
26421.9	-1.50	0
26437.5	-2.25	0
26453.1	-2.25	0
26468.8	-2.25	0
26484.4	-2.25	0
26500.0	-3.00	0
26515.6	-3.00	0
26531.2	-3.00	0
26546.9	-3.00	0
26562.5	-3.00	0
26578.1	-3.00	0
26593.8	-3.75	0
26609.4	-3.75	0
26625.0	-3.75	0
26640.6	-3.75	0
26656.2	-3.75	0
26671.9	-3.75	0
26687.5	-3.75	0
26703.1	-3.75	0
26718.8	-3.75	0
26734.4	-4.50	0
26750.0	-4.50	0
26765.6	-4.50	0
26781.2	-4.50	0
26796.9	-4.50	0
26812.5	-4.50	0
26828.1	-4.50	0
26843.8	-4.50	0
26859.4	-4.50	0
26875.0	-4.50	0
26890.6	-4.50	0
26906.2	-4.50	0
26921.9	-4.50	0
26937.5	-4.50	0
26953.1	-4.50	0
26968.8	-4.50	0
26984.4	-4.50	0
27000.0	-4.50	0
27015.6	-4.50	0
27031.2	-4.50	0
27046.9	-4.50	0
27062.5	-4.50	0
27078.1	-4.50	0
27093.8	-3.75	0
27109.4	-3.75	0
27125.0	-3.75	0
27140.6	-3.75	0
27156.2	-3.75	0
27171.9	-3.75	0
27187.5	-3.75	0
27203.1	-3.00	0
27218.8	-3.00	0
27234.4	-3.00	0
27250.0	-3.00	0
27265.6	-3.00	0
27281.2	-2.25	0
27296.9	-2.25	0
27312.5	-2.25	0
27328.1	-2.25	0
27343.8	-2.25	0
27359.4	-1.50	0
27375.0	-1.50	0
27390.6	-1.50	0
27406.2	-1.50	0
27421.9	-0.75	0
27437.5	-0.75	0
27453.1	-0.75	0
27468.8	-0.75	0
27484.4	0.00	0
27500.0	0.75	0
27515.6	0.75	0
27531.2	0.75	0
27546.9	0.75	0
27562.5	1.50	0
27578.1	1.50	0
27593.8	1.50	0
27609.4	1.50	0
27625.0	2.25	0
27640.6	2.25	0
27656.2	2.25	0
27671.9	2.25	0
27687.5	3.00	0
27703.1	3.00	0
27718.8	3.00	0
27734.4	3.00	0
27750.0	3.75	0
27765.6	3.75	0
27781.2	3.75	0
27796.9	3.75	0
27812.5	4.50	0
27828.1	4.50	0
27843.8	4.50	0
27859.4	4.50	0
27875.0	4.50	0
27890.6	5.25	0
27906.2	5.25	0
27921.9	5.25	0
27937.5	5.25	0
27953.1	5.25	0
27968.8	5.25	0
27984.4	6.00	0
28000.0	6.00	0
28015.6	6.00	0
28031.2	6.00	0
28046.9	6.00	0
28062.5	6.00	0
28078.1	6.75	0
28093.8	6.75	0
28109.4	6.75	0
28125.0	6.75	0
28140.6	6.75	0
28156.2	6.75	0
28171.9	6.75	0
28187.5	6.75	0
28203.1	6.75	0
28218.8	6.75	0
28234.4	7.50	0
28250.0	7.50	0
28265.6	7.50	0
28281.2	7.50	0
28296.9	7.50	0
28312.5	7.50	0
28328.1	7.50	0
28343.8	7.50	0
28359.4	7.50	0
28375.0	7.50	0
28390.6	7.50	0
28406.2	7.50	0
28421.9	7.50	0
28437.5	7.50	0
28453.1	7.50	0
28468.8	7.50	0
28484.4	7.50	0
28500.0	7.50	0
28515.6	7.50	0
28531.2	7.50	0
28546.9	7.50	0
28562.5	7.50	0
28578.1	6.75	0
28593.8	6.75	0
28609.4	6.75	0
28625.0	6.75	0
28640.6	6.75	0
28656.2	6.75	0
28671.9	6.75	0
28687.5	6.75	0
28703.1	6.00	0
28718.8	6.00	0
28734.4	6.00	0
28750.0	6.00	0
28765.6	6.00	0
28781.2	6.00	0
28796.9	6.00	0
28812.5	5.25	0
28828.1	5.25	0
28843.8	5.25	0
28859.4	5.25	0
28875.0	5.25	0
28890.6	4.50	0
28906.2	4.50	0
28921.9	4.50	0
28937.5	4.50	0
28953.1	4.50	0
28968.8	3.75	0
28984.4	3.75	0
29000.0	3.75	0
29015.6	3.75	0
29031.2	3.75	0
29046.9	3.00	0
29062.5	3.00	0
29078.1	3.00	0
29093.8	3.00	0
29109.4	3.00	0
29125.0	2.25	0
29140.6	2.25	0
29156.2	2.25	0
29171.9	2.25	0
29187.5	2.25	0
29203.1	1.50	0
29218.8	1.50	0
29234.4	1.50	0
29250.0	1.50	0
29265.6	1.50	0
29281.2	0.75	0
29296.9	0.75	0
29312.5	0.00	0
29328.1	0.00	0
29343.8	0.00	0
29359.4	-0.75	0
29375.0	-0.75	0
29390.6	-0.75	0
29406.2	-0.75	0
29421.9	-0.75	0
29437.5	-0.75	0
29453.1	-1.50	0
29468.8	-1.50	0
29484.4	-1.50	0
29500.0	-1.50	0
29515.6	-1.50	0
29531.2	-1.50	0
29546.9	-1.50	0
29562.5	-1.50	0
29578.1	-2.25	0
29593.8	-2.25	0
29609.4	-2.25	0
29625.0	-2.25	0
29640.6	-2.25	0
29656.2	-2.25	0
29671.9	-2.25	0
29687.5	-2.25	0
29703.1	-2.25	0
29718.8	-2.25	0
29734.4	-2.25	0
29750.0	-2.25	0
29765.6	-2.25	0
29781.2	-2.25	0
29796.9	-2.25	0
29812.5	-2.25	0
29828.1	-2.25	0
29843.8	-2.25	0
29859.4	-2.25	0
29875.0	-2.25	0
29890.6	-2.25	0
29906.2	-2.25	0
29921.9	-2.25	0
29937.5	-2.25	0
29953.1	-2.25	0
29968.8	-2.25	0
29984.4	-2.25	0
30000.0	-2.25	0
30015.6	-2.25	0
30031.2	-2.25	0
30046.9	-2.25	0
30062.5	-1.50	0
30078.1	-1.50	0
30093.8	-1.50	0
30109.4	-1.50	0
30125.0	-1.50	0
30140.6	-1.50	0
30156.2	-1.50	0
30171.9	-1.50	0
30187.5	-1.50	0
30203.1	-0.75	0
30218.8	-0.75	0
30234.4	-0.75	0
30250.0	-0.75	0
30265.6	-0.75	0
30281.2	-0.75	0
30296.9	-0.75	0
30312.5	0.00	0
30328.1	0.00	0
30343.8	0.00	0
30359.4	0.00	0
30375.0	0.00	0
30390.6	0.00	0
30406.2	0.00	0
30421.9	0.75	0
30437.5	0.75	0
30453.1	0.75	0
30468.8	0.75	0
30484.4	0.75	0
30500.0	1.50	0
30515.6	1.50	0
30531.2	1.50	0
30546.9	1.50	0
30562.5	1.50	0
30578.1	1.50	0
30593.8	2.25	0
30609.4	2.25	0
30625.0	2.25	0
30640.6	2.25	0
30656.2	2.25	0
30671.9	2.25	0
30687.5	3.00	0
30703.1	3.00	0
30718.8	3.00	0
30734.4	3.00	0
30750.0	3.00	0
30765.6	3.00	0
30781.2	3.75	0
30796.9	3.75	0
30812.5	3.75	0
30828.1	3.75	0
30843.8	3.75	0
30859.4	3.75	0
30875.0	4.50	0
30890.6	4.50	0
30906.2	4.50	0
30921.9	4.50	0
30937.5	4.50	0
30953.1	4.50	0
30968.8	4.50	0
30984.4	4.50	0
31000.0	5.25	0
31015.6	5.25	0
31031.2	5.25	0
31046.9	5.25	0
31062.5	5.25	0
31078.1	5.25	0
31093.8	5.25	0
31109.4	5.25	0
31125.0	5.25	0
31140.6	5.25	0
31156.2	5.25	0
31171.9	5.25	0
31187.5	6.00	0
31203.1	6.00	0
31218.8	6.00	0
31234.4	6.00	0
31250.0	6.00	0
31265.6	6.00	0
31281.2	6.00	0
31296.9	6.00	0
31312.5	6.00	0
31328.1	6.00	0
31343.8	6.00	0
31359.4	6.00	0
31375.0	6.00	0
31390.6	6.00	0
31406.2	6.00	0
31421.9	6.00	0
31437.5	6.00	0
31453.1	6.00	0
31468.8	6.00	0
31484.4	6.00	0
31500.0	6.00	0
31515.6	6.00	0
31531.2	6.00	0
31546.9	6.00	0
31562.5	6.00	0
31578.1	6.00	0
31593.8	6.00	0
31609.4	6.00	0
31625.0	5.25	0
31640.6	5.25	0
31656.2	5.25	0
31671.9	5.25	0
31687.5	5.25	0
31703.1	5.25	0
31718.8	5.25	0
31734.4	5.25	0
31750.0	5.25	0
31765.6	4.50	0
31781.2	4.50	0
31796.9	4.50	0
31812.5	4.50	0
31828.1	4.50	0
31843.8	4.50	0
31859.4	4.50	0
31875.0	4.50	0
31890.6	3.75	0
31906.2	3.75	0
31921.9	3.75	0
31937.5	3.75	0
31953.1	3.75	0
31968.8	3.75	0
31984.4	3.00	0
32000.0	3.00	0
32015.6	3.00	0
32031.2	3.00	0
32046.9	3.00	0
32062.5	3.00	0
32078.1	3.00	0
32093.8	2.25	0
32109.4	2.25	0
32125.0	2.25	0
32140.6	2.25	0
32156.2	2.25	0
32171.9	2.25	0
32187.5	2.25	0
32203.1	1.50	0
32218.8	1.50	0
32234.4	1.50	0
32250.0	1.50	0
32265.6	1.50	0
32281.2	1.50	0
32296.9	1.50	0
32312.5	0.75	0
32328.1	0.75	0
32343.8	0.75	0
32359.4	0.75	0
32375.0	0.00	0
32390.6	0.00	0
32406.2	0.00	0
32421.9	0.00	0
32437.5	0.00	0
32453.1	-0.75	0
32468.8	-0.75	0
32484.4	-0.75	0
32500.0	-0.75	0
32515.6	-0.75	0
32531.2	-0.75	0
32546.9	-0.75	0
32562.5	-0.75	0
32578.1	-0.75	0
32593.8	-0.75	0
32609.4	-0.75	0
32625.0	-0.75	0
32640.6	-1.50	0
32656.2	-1.50	0
32671.9	-1.50	0
32687.5	-1.50	0
32703.1	-1.50	0
32718.8	-1.50	0
32734.4	-1.50	0
32750.0	-1.50	0
32765.6	-1.50	0
32781.2	-1.50	0
32796.9	-1.50	0
32812.5	-1.50	0
32828.1	-1.50	0
32843.8	-1.50	0
32859.4	-1.50	0
32875.0	-1.50	0
32890.6	-1.50	0
32906.2	-1.50	0
32921.9	-1.50	0
32937.5	-1.50	0
32953.1	-1.50	0
32968.8	-1.50	0
32984.4	-1.50	0
33000.0	-1.50	0
33015.6	-1.50	0
33031.2	-1.50	0
33046.9	-1.50	0
33062.5	-1.50	0
33078.1	-1.50	0
33093.8	-1.50	0
33109.4	-1.50	0
33125.0	-1.50	0
33140.6	-0.75	0
33156.2	-0.75	0
33171.9	-0.75	0
33187.5	-0.75	0
33203.1	-0.75	0
33218.8	-0.75	0
33234.4	-0.75	0
33250.0	-0.75	0
33265.6	0.00	0
33281.2	0.00	0
33296.9	0.75	0
33312.5	0.75	0
33328.1	0.75	0
33343.8	0.75	0
33359.4	0.75	0
33375.0	0.75	0
33390.6	0.75	0
33406.2	0.75	0
33421.9	0.75	0
33437.5	1.50	0
33453.1	1.50	0
33468.8	1.50	0
33484.4	1.50	0
33500.0	1.50	0
33515.6	1.50	0
33531.2	1.50	0
33546.9	1.50	0
33562.5	2.25	0
33578.1	2.25	0
33593.8	2.25	0
33609.4	2.25	0
33625.0	2.25	0
33640.6	2.25	0
33656.2	2.25	0
33671.9	2.25	0
33687.5	3.00	0
33703.1	3.00	0
33718.8	3.00	0
33734.4	3.00	0
33750.0	3.00	0
33765.6	3.00	0
33781.2	3.00	0
33796.9	3.00	0
33812.5	3.75	0
33828.1	3.75	0
33843.8	3.75	0
33859.4	3.75	0
33875.0	3.75	0
33890.6	3.75	0
33906.2	3.75	0
33921.9	3.75	0
33937.5	3.75	0
33953.1	3.75	0
33968.8	3.75	0
33984.4	4.50	0
34000.0	4.50	0
34015.6	4.50	0
34031.2	4.50	0
34046.9	4.50	0
34062.5	4.50	0
34078.1	4.50	0
34093.8	4.50	0
34109.4	4.50	0
34125.0	4.50	0
34140.6	4.50	0
34156.2	4.50	0
34171.9	4.50	0
34187.5	4.50	0
34203.1	4.50	0
34218.8	4.50	0
34234.4	4.50	0
34250.0	4.50	0
34265.6	4.50	0
34281.2	4.50	0
34296.9	4.50	0
34312.5	4.50	0
34328.1	4.50	0
34343.8	4.50	0
34359.4	4.50	0
34375.0	4.50	0
34390.6	4.50	0
34406.2	4.50	0
34421.9	4.50	0
34437.5	4.50	0
34453.1	4.50	0
34468.8	4.50	0
34484.4	4.50	0
34500.0	4.50	0
34515.6	4.50	0
34531.2	4.50	0
34546.9	4.50	0
34562.5	4.50	0
34578.1	4.50	0
34593.8	4.50	0
34609.4	4.50	0
34625.0	4.50	0
34640.6	4.50	0
34656.2	4.50	0
34671.9	4.50	0
34687.5	4.50	0
34703.1	4.50	0
34718.8	4.50	0
34734.4	4.50	0
34750.0	4.50	0
34765.6	3.75	0
34781.2	3.75	0
34796.9	3.75	0
34812.5	3.75	0
34828.1	3.75	0
34843.8	3.75	0
34859.4	3.75	0
34875.0	3.75	0
34890.6	3.75	0
34906.2	3.75	0
34921.9	3.00	0
34937.5	3.00	0
34953.1	3.00	0
34968.8	3.00	0
34984.4	3.00	0
35000.0	3.00	0
35015.6	3.00	0
35031.2	3.00	0
35046.9	3.00	0
35062.5	3.00	0
35078.1	2.25	0
35093.8	2.25	0
35109.4	2.25	0
35125.0	2.25	0
35140.6	2.25	0
35156.2	2.25	0
35171.9	2.25	0
35187.5	2.25	0
35203.1	2.25	0
35218.8	1.50	0
35234.4	1.50	0
35250.0	1.50	0
35265.6	1.50	0
35281.2	1.50	0
35296.9	1.50	0
35312.5	1.50	0
35328.1	1.50	0
35343.8	1.50	0
35359.4	1.50	0
35375.0	1.50	0
35390.6	0.75	0
35406.2	0.75	0
35421.9	0.75	0
35437.5	0.75	0
35453.1	0.75	0
35468.8	0.75	0
35484.4	0.75	0
35500.0	0.00	0
35515.6	0.00	0
35531.2	0.00	0
35546.9	0.00	0
